1.0000000000,0.7503206600,1.3567643600,1.0000000000
-1.0000000000,1.2015118000,-2.7313456100,1.0000000000
1.0000000000,-0.2453365400,0.4611974400,-1.0000000000
-1.0000000000,0.8737596200,0.3543579300,1.0000000000
1.0000000000,-0.4884678400,-0.0173484200,1.0000000000
-1.0000000000,1.2875843100,0.7788743300,1.0000000000
-1.0000000000,0.2728202200,-0.0162550200,-1.0000000000
1.0000000000,0.3636604700,1.6745567700,-1.0000000000
-1.0000000000,-0.2940864800,-1.8728060400,-1.0000000000
-1.0000000000,-1.3703847900,1.8492952500,-1.0000000000
-1.0000000000,-0.5273299200,-1.5543063900,-1.0000000000
-1.0000000000,0.1177477800,-1.0033188100,1.0000000000
-1.0000000000,-0.8640823900,1.0704406200,-1.0000000000
-1.0000000000,0.9126179100,1.4423741400,1.0000000000
1.0000000000,0.2243006500,-2.3171620600,-1.0000000000
1.0000000000,-0.5700069500,-1.2617592100,-1.0000000000
-1.0000000000,-2.0879851900,-0.8398316000,-1.0000000000
-1.0000000000,-1.7479269600,0.9143619800,-1.0000000000
1.0000000000,1.4435284100,0.5274715700,1.0000000000
-1.0000000000,2.1282764700,-0.3614888600,1.0000000000
1.0000000000,-0.9637199200,-0.6630536800,-1.0000000000
1.0000000000,3.0216196200,-3.6780473000,1.0000000000
1.0000000000,-2.2744204900,-1.0802321800,-1.0000000000
-1.0000000000,-0.6264562200,1.1473107900,-1.0000000000
-1.0000000000,1.3575290300,0.5394198300,1.0000000000
1.0000000000,-1.1507457900,-0.1645774000,-1.0000000000
-1.0000000000,0.2388461300,1.8940034000,-1.0000000000
-1.0000000000,2.1468405100,-0.4549954100,1.0000000000
-1.0000000000,-0.9425946300,0.5801280700,1.0000000000
1.0000000000,0.5190710100,1.6272832600,1.0000000000
1.0000000000,-1.0755502000,-0.1259020200,-1.0000000000
-1.0000000000,-1.3539904400,0.5975458100,-1.0000000000
-1.0000000000,-0.4694990200,-0.4715418300,-1.0000000000
-1.0000000000,2.2597828200,-1.2884515700,1.0000000000
1.0000000000,-1.3906682900,1.0603590900,-1.0000000000
-1.0000000000,0.2364958700,0.2677620000,1.0000000000
-1.0000000000,-0.6251308500,3.1760122900,-1.0000000000
1.0000000000,-0.8599835800,0.1108459900,-1.0000000000
1.0000000000,-1.8287800900,-0.1785891600,-1.0000000000
-1.0000000000,-0.9689292200,-0.6262285600,1.0000000000
-1.0000000000,2.7433786200,-2.0317728600,1.0000000000
1.0000000000,-1.0414489700,-0.7437014200,-1.0000000000
-1.0000000000,0.3316857400,-1.0310478700,-1.0000000000
-1.0000000000,0.9818650900,0.9865894600,1.0000000000
1.0000000000,1.2717626200,-2.4327593400,1.0000000000
-1.0000000000,-0.0506512000,-2.0630410200,1.0000000000
-1.0000000000,1.1018382600,-2.4114028300,1.0000000000
1.0000000000,0.8646755600,1.1283562900,1.0000000000
1.0000000000,-1.2010356800,-1.4668846200,-1.0000000000
-1.0000000000,0.5592030100,0.3477494000,1.0000000000
1.0000000000,0.9676210100,0.7159524600,1.0000000000
1.0000000000,1.5630942000,-2.0163574900,1.0000000000
1.0000000000,0.2410485500,2.1100857700,1.0000000000
1.0000000000,-1.4732026100,-1.1093038800,-1.0000000000
1.0000000000,0.0907633800,1.9303478500,1.0000000000
1.0000000000,-0.7754808800,0.3611020600,-1.0000000000
-1.0000000000,0.6023293800,1.3640789800,1.0000000000
-1.0000000000,0.1900605100,2.0746979500,1.0000000000
-1.0000000000,0.9132575300,0.2232939500,1.0000000000
1.0000000000,-1.7418650000,-1.1390728400,-1.0000000000
1.0000000000,1.0459178700,0.7069515500,1.0000000000
-1.0000000000,0.0534279100,1.9688168400,1.0000000000
1.0000000000,-1.1327442600,-0.7980467500,-1.0000000000
-1.0000000000,1.6148812700,-0.6662755900,1.0000000000
1.0000000000,-1.0243309900,-1.7833213100,-1.0000000000
1.0000000000,-0.3199214900,4.9079862800,-1.0000000000
-1.0000000000,0.6992892500,1.5694382200,1.0000000000
1.0000000000,1.4068882500,-2.0846592500,1.0000000000
-1.0000000000,-1.2229140100,0.9758544900,-1.0000000000
1.0000000000,-1.1227707600,-3.2281772900,-1.0000000000
1.0000000000,-0.2917262900,2.6013205100,1.0000000000
-1.0000000000,-1.8165872800,1.2259609500,-1.0000000000
-1.0000000000,1.5522819900,-0.0403884700,1.0000000000
-1.0000000000,0.3202423600,-0.5271449800,-1.0000000000
-1.0000000000,1.2768597400,-2.3176710000,1.0000000000
1.0000000000,-0.2985792200,2.2698512200,1.0000000000
-1.0000000000,0.1530221000,2.3065488000,1.0000000000
-1.0000000000,-0.0465830600,2.3234409000,1.0000000000
-1.0000000000,1.6196225900,0.3853800600,1.0000000000
1.0000000000,-1.6176291900,-2.8510541500,1.0000000000
1.0000000000,-0.9492555900,-1.6703875500,-1.0000000000
-1.0000000000,1.4672765300,-0.6437160400,1.0000000000
-1.0000000000,-0.5748264300,1.7384087800,-1.0000000000
1.0000000000,-0.4881451500,-1.5536052700,-1.0000000000
-1.0000000000,-2.4568553600,-1.0305379800,-1.0000000000
1.0000000000,1.2970087800,0.7346057700,1.0000000000
1.0000000000,0.9995800000,0.7624963100,1.0000000000
1.0000000000,-1.3242971800,-1.4651782700,-1.0000000000
-1.0000000000,1.2426503500,1.0028996700,1.0000000000
1.0000000000,-1.3174018400,-0.5653193900,-1.0000000000
-1.0000000000,0.0225412100,-1.7423373400,-1.0000000000
-1.0000000000,-1.5937386200,2.8427275100,-1.0000000000
1.0000000000,1.6455969000,-3.0442431000,1.0000000000
-1.0000000000,0.0430965700,0.6949679300,1.0000000000
-1.0000000000,-2.5199299000,0.8407884700,-1.0000000000
1.0000000000,-1.5503212600,-1.3867624000,-1.0000000000
-1.0000000000,-1.0348370200,1.2846329800,-1.0000000000
1.0000000000,-0.2014557500,-0.1439713800,1.0000000000
-1.0000000000,-1.5742157700,-1.4779218800,-1.0000000000
-1.0000000000,0.7615064500,-0.6683117200,1.0000000000
1.0000000000,1.1889717800,-0.9687565700,1.0000000000
1.0000000000,2.1217127100,-0.2898226900,1.0000000000
1.0000000000,0.1960495600,-0.7676051600,1.0000000000
-1.0000000000,0.7153905500,1.3265761200,-1.0000000000
1.0000000000,-1.0031465200,0.6763712600,-1.0000000000
-1.0000000000,1.6151416000,-0.0951700700,1.0000000000
-1.0000000000,0.0545770400,-0.6928877100,-1.0000000000
1.0000000000,-1.2193479700,-0.3729320300,1.0000000000
1.0000000000,1.7678083400,0.0722713800,1.0000000000
-1.0000000000,2.2155324200,-1.6316603100,1.0000000000
-1.0000000000,-1.3459183500,-0.2675776200,-1.0000000000
-1.0000000000,0.5229993600,1.7368905300,1.0000000000
-1.0000000000,-1.8055452700,0.9633063300,-1.0000000000
-1.0000000000,-0.2980484900,2.5624275100,1.0000000000
-1.0000000000,1.3871982400,0.6573652500,1.0000000000
1.0000000000,-0.4425335000,-0.7165464200,1.0000000000
1.0000000000,-1.7869177100,-1.0318649900,-1.0000000000
1.0000000000,-0.0888602100,1.0452211500,-1.0000000000
1.0000000000,2.7523147900,-1.0685302000,1.0000000000
-1.0000000000,1.0639949000,-1.6229105300,-1.0000000000
1.0000000000,-0.7832853300,-0.0259218700,-1.0000000000
1.0000000000,0.5948697400,1.5129302800,1.0000000000
-1.0000000000,-0.6790719500,-1.4808448800,-1.0000000000
-1.0000000000,-1.0395027800,-1.2686026500,-1.0000000000
-1.0000000000,1.3288745900,0.7212504700,1.0000000000
-1.0000000000,1.2925145500,2.4223592900,-1.0000000000
-1.0000000000,-1.0124965600,2.5158174900,-1.0000000000
1.0000000000,0.7822561100,1.2709235000,1.0000000000
-1.0000000000,-2.4271873300,0.1072540800,-1.0000000000
1.0000000000,-0.7250574900,-0.5906214100,1.0000000000
1.0000000000,-1.7830112600,0.9542742400,-1.0000000000
-1.0000000000,0.5120208500,0.9292578300,1.0000000000
-1.0000000000,1.4798288800,0.5917704700,1.0000000000
-1.0000000000,0.1844226300,-0.4072883000,1.0000000000
-1.0000000000,-0.3636743500,0.4967650500,-1.0000000000
1.0000000000,-2.4188303300,-0.3120015400,1.0000000000
-1.0000000000,-1.6938290000,1.2987781700,-1.0000000000
1.0000000000,0.7374175800,-0.9493747100,1.0000000000
-1.0000000000,-0.1249054500,-1.0502030900,-1.0000000000
1.0000000000,0.8577992400,-1.0969749700,1.0000000000
-1.0000000000,0.8192360800,0.7998314100,1.0000000000
1.0000000000,-1.0223511500,0.5472094100,-1.0000000000
-1.0000000000,-0.6332938000,-0.9321729800,1.0000000000
-1.0000000000,-2.8523623500,-0.8989893700,-1.0000000000
1.0000000000,-3.1770802000,1.1406880700,-1.0000000000
1.0000000000,1.8749737400,-1.3383973400,1.0000000000
-1.0000000000,-1.0238066200,-0.7567152800,-1.0000000000
1.0000000000,1.8385115300,0.2579596300,1.0000000000
-1.0000000000,1.6799948700,-0.6077283400,1.0000000000
1.0000000000,-0.4730207900,0.8449932000,-1.0000000000
-1.0000000000,-2.3093761600,-0.9959945600,-1.0000000000
1.0000000000,-0.6112912300,0.6206651600,-1.0000000000
1.0000000000,-0.1701999700,2.5005613600,1.0000000000
-1.0000000000,2.8663943400,-2.1087623000,1.0000000000
-1.0000000000,-0.8207280300,1.9611465600,-1.0000000000
-1.0000000000,-0.4912295600,-0.0150254300,-1.0000000000
-1.0000000000,-1.2695233200,-1.7060805900,-1.0000000000
-1.0000000000,1.0101123400,-1.2504521000,1.0000000000
1.0000000000,-1.0792956400,0.2538518200,-1.0000000000
1.0000000000,-0.9116880100,-0.6515802900,-1.0000000000
-1.0000000000,-1.3507363700,-0.2611274200,-1.0000000000
1.0000000000,-0.3015526500,2.5168008800,1.0000000000
1.0000000000,0.5987792700,-1.5802957900,1.0000000000
1.0000000000,1.3480396500,-1.0071212400,1.0000000000
-1.0000000000,1.6487989100,0.3467914500,1.0000000000
-1.0000000000,-1.2310997100,-1.4600125100,-1.0000000000
1.0000000000,1.6337742200,0.2970525000,1.0000000000
1.0000000000,-0.8717837900,-1.8457423200,-1.0000000000
1.0000000000,-0.2864520300,2.4566724900,1.0000000000
1.0000000000,-2.3493419900,1.6370906900,-1.0000000000
-1.0000000000,-0.1475634400,-0.8838382500,1.0000000000
-1.0000000000,0.8435837600,-1.7898973000,1.0000000000
-1.0000000000,0.0678208300,0.5461631800,-1.0000000000
-1.0000000000,0.9564314200,1.2603990800,1.0000000000
1.0000000000,-0.4164273400,0.7863558900,-1.0000000000
-1.0000000000,1.5092095100,0.4029374200,1.0000000000
-1.0000000000,-1.0279880900,1.1440306600,-1.0000000000
1.0000000000,-1.5073044600,-0.1930574100,-1.0000000000
1.0000000000,-0.5740515400,3.6074962000,-1.0000000000
1.0000000000,0.4443027800,0.4074218000,-1.0000000000
-1.0000000000,-1.3685453500,-1.2672532600,-1.0000000000
1.0000000000,-0.1683263600,1.9924982600,-1.0000000000
-1.0000000000,0.9663454600,-0.6484203300,1.0000000000
1.0000000000,-1.0976429900,-0.6091680700,-1.0000000000
-1.0000000000,1.4978782700,-1.5617229600,1.0000000000
1.0000000000,-1.3646694900,2.0159279100,-1.0000000000
-1.0000000000,-2.0345884400,1.6538564400,-1.0000000000
1.0000000000,-1.3409549000,-0.7311899200,-1.0000000000
-1.0000000000,-0.7743411100,0.5737292800,-1.0000000000
-1.0000000000,0.2855871600,1.7587355100,1.0000000000
1.0000000000,1.2361743300,0.4905736100,1.0000000000
-1.0000000000,-2.4818839800,0.3629643900,-1.0000000000
1.0000000000,1.4119541000,0.2501787900,1.0000000000
1.0000000000,1.7109060300,0.3401920300,1.0000000000
-1.0000000000,0.9764425800,0.8013908700,1.0000000000
1.0000000000,2.1035438600,-0.8932494900,1.0000000000
1.0000000000,-1.2790850300,-0.4957400700,-1.0000000000
-1.0000000000,0.1236643500,1.8141128800,1.0000000000
1.0000000000,-1.7390995400,0.7901458600,-1.0000000000
1.0000000000,-0.9945015500,0.8247220900,-1.0000000000
1.0000000000,-1.4458753800,0.2867711500,-1.0000000000
1.0000000000,-0.0940580000,2.0044673700,-1.0000000000
1.0000000000,-1.2698938800,-0.1062655400,-1.0000000000
1.0000000000,0.8317045900,-0.1830022700,1.0000000000
-1.0000000000,-0.0462037500,-0.1787012200,-1.0000000000
-1.0000000000,1.2360274700,0.6450927400,1.0000000000
1.0000000000,2.7626071800,-0.9073512500,1.0000000000
1.0000000000,-0.7270464900,1.5464447000,-1.0000000000
1.0000000000,-2.0079254000,3.0401682500,-1.0000000000
-1.0000000000,-0.2041772300,-0.8468101100,-1.0000000000
-1.0000000000,-1.4379841300,0.5450273300,-1.0000000000
-1.0000000000,-1.0003706600,0.8112522200,1.0000000000
1.0000000000,-0.9948263600,-0.9357400700,-1.0000000000
-1.0000000000,-1.1998826600,0.5048670600,-1.0000000000
1.0000000000,0.4504364300,1.5197292200,1.0000000000
1.0000000000,-0.7189698700,-0.9972602800,-1.0000000000
-1.0000000000,-1.0888219900,2.4456588900,-1.0000000000
-1.0000000000,1.1846285300,0.7656375600,1.0000000000
1.0000000000,0.4457619800,1.6874689600,1.0000000000
-1.0000000000,-0.9920964700,1.3543328100,-1.0000000000
-1.0000000000,1.8653081800,-1.2704537000,1.0000000000
-1.0000000000,-1.8694970200,0.1360918000,-1.0000000000
-1.0000000000,-0.1532390800,0.2848068400,-1.0000000000
1.0000000000,-0.3618296100,-1.4488835600,-1.0000000000
-1.0000000000,3.6586561700,-2.2352400800,1.0000000000
1.0000000000,-1.1841183700,0.1580211900,-1.0000000000
1.0000000000,0.7861354200,-0.3351625400,1.0000000000
-1.0000000000,-0.2676065100,-0.8009677700,-1.0000000000
-1.0000000000,1.8142366600,-0.0451533500,1.0000000000
-1.0000000000,1.0389327800,-1.0440861700,1.0000000000
-1.0000000000,-1.2774413700,-0.6614252000,-1.0000000000
1.0000000000,2.2179639700,-0.0842829900,1.0000000000
1.0000000000,-2.3323469400,-0.4563123800,-1.0000000000
1.0000000000,-3.3336088600,-1.0042749800,-1.0000000000
1.0000000000,-0.0498366700,2.3584412900,1.0000000000
1.0000000000,-2.2442568900,-2.2291423300,-1.0000000000
-1.0000000000,-1.3856621700,-1.6720450700,-1.0000000000
-1.0000000000,0.5014673700,1.4187147900,1.0000000000
-1.0000000000,1.3346013100,0.5578635900,1.0000000000
1.0000000000,-0.5115534300,2.8247180900,-1.0000000000
1.0000000000,0.5019878100,1.5238207400,1.0000000000
-1.0000000000,-1.5757644800,-2.1727314100,-1.0000000000
-1.0000000000,-0.7886013300,-0.4818871000,-1.0000000000
1.0000000000,-2.3595179800,-2.1099711500,-1.0000000000
-1.0000000000,-0.1750415300,2.3577240000,1.0000000000
1.0000000000,1.4720704400,-0.3652820700,1.0000000000
-1.0000000000,-0.3463458400,0.4044609100,-1.0000000000
-1.0000000000,1.7303212800,0.2081424100,1.0000000000
-1.0000000000,1.3227396700,0.5695508200,1.0000000000
1.0000000000,2.1954142200,-0.6012183400,1.0000000000
1.0000000000,0.6170354800,1.7703183600,-1.0000000000
1.0000000000,2.3980700700,-0.9449567000,1.0000000000
-1.0000000000,1.9350376300,0.0110285800,1.0000000000
1.0000000000,1.4981854700,0.3445775500,1.0000000000
1.0000000000,-1.3708195800,1.2176703700,-1.0000000000
1.0000000000,-0.8291723700,-0.1992846100,-1.0000000000
-1.0000000000,-0.7114255600,-1.2821778400,-1.0000000000
1.0000000000,-1.2127123600,1.4629691100,-1.0000000000
1.0000000000,1.5203407400,0.1989831900,1.0000000000
-1.0000000000,1.1825015200,-1.6741019300,1.0000000000
1.0000000000,-0.1961572200,-0.7423777300,-1.0000000000
-1.0000000000,0.1165874100,-0.5149236900,1.0000000000
-1.0000000000,1.8725028100,-0.0949041900,1.0000000000
1.0000000000,1.2834568100,-1.7669568200,1.0000000000
1.0000000000,1.8066239600,-0.0011262784,1.0000000000
1.0000000000,-1.3182465900,-0.3973602800,-1.0000000000
1.0000000000,0.0466301600,1.5558050300,-1.0000000000
-1.0000000000,2.8146606500,-1.0398519600,1.0000000000
-1.0000000000,0.6959439300,-1.0594009500,1.0000000000
-1.0000000000,1.5036963900,0.5512203200,1.0000000000
-1.0000000000,-1.3759587400,3.8226826200,1.0000000000
-1.0000000000,1.0560393500,-0.9155581200,1.0000000000
1.0000000000,-1.1390749200,3.3892058300,1.0000000000
-1.0000000000,-1.5386055000,-1.0688882800,-1.0000000000
1.0000000000,1.1172050100,0.8492818200,1.0000000000
1.0000000000,-0.9768653700,-0.9470220300,-1.0000000000
1.0000000000,1.3190573100,0.4008746200,1.0000000000
1.0000000000,1.1501096500,-0.6882852500,1.0000000000
1.0000000000,-1.0903350500,3.4376336800,1.0000000000
1.0000000000,-0.4909853300,0.7453361500,1.0000000000
-1.0000000000,1.4535591900,0.0634577900,1.0000000000
1.0000000000,1.9082488400,-2.7027346400,1.0000000000
-1.0000000000,1.5703115000,-0.9311999000,1.0000000000
-1.0000000000,1.6351119400,-0.4080380800,1.0000000000
1.0000000000,-1.3580282100,-1.1163850200,-1.0000000000
1.0000000000,1.1284999100,2.0372830500,-1.0000000000
1.0000000000,-0.7546340900,-1.4295736600,-1.0000000000
1.0000000000,-1.1046432800,0.1139246400,-1.0000000000
-1.0000000000,-1.6449415400,2.2651068700,-1.0000000000
-1.0000000000,2.8678396500,-2.3362757700,1.0000000000
1.0000000000,0.1355215000,-1.4926883200,1.0000000000
1.0000000000,1.0838115100,-0.8180885200,1.0000000000
1.0000000000,-0.7717332200,-1.6296247200,-1.0000000000
1.0000000000,0.7310876200,-1.3539231000,1.0000000000
1.0000000000,-0.4061815500,2.3284033700,-1.0000000000
-1.0000000000,-2.5152294600,0.8569094700,-1.0000000000
-1.0000000000,-2.0945576000,1.8576500100,-1.0000000000
1.0000000000,2.3449202200,-1.7117968200,1.0000000000
-1.0000000000,-1.3897818800,1.1046497400,-1.0000000000
1.0000000000,2.3289788700,-3.1649760400,1.0000000000
-1.0000000000,0.4724692300,0.5335159500,-1.0000000000
-1.0000000000,-1.0804864600,0.8876633500,-1.0000000000
-1.0000000000,-1.7670871200,-1.1305149300,-1.0000000000
-1.0000000000,-0.3718968700,0.3425106300,1.0000000000
-1.0000000000,1.5297856200,0.8441062700,1.0000000000
1.0000000000,0.1652118000,-1.3687953900,-1.0000000000
-1.0000000000,-1.4079462800,1.6343382600,-1.0000000000
-1.0000000000,1.4096920500,-1.2753086000,1.0000000000
1.0000000000,0.1952244500,3.7158290900,-1.0000000000
1.0000000000,-0.8575204300,1.2425071000,-1.0000000000
1.0000000000,2.0646555700,-1.2368933800,1.0000000000
1.0000000000,1.9557586800,-1.8152911000,1.0000000000
1.0000000000,-1.1328035900,-1.7129456700,-1.0000000000
-1.0000000000,1.7079460500,-1.9942486900,1.0000000000
1.0000000000,2.2595675900,-0.6946419600,1.0000000000
1.0000000000,-1.2631052200,-0.4074826300,-1.0000000000
1.0000000000,-1.8033445700,-0.2898350500,-1.0000000000
-1.0000000000,-1.4261106200,1.0486235200,-1.0000000000
1.0000000000,1.6603327000,-1.9248315800,1.0000000000
1.0000000000,1.2294770100,-1.1912860200,1.0000000000
-1.0000000000,-2.3734148100,-1.3841934700,-1.0000000000
-1.0000000000,2.8792987200,-0.7980678200,1.0000000000
1.0000000000,1.3064784600,0.4945978000,1.0000000000
-1.0000000000,0.0895058100,1.9890796300,1.0000000000
-1.0000000000,-1.3178429400,0.5018105100,-1.0000000000
-1.0000000000,0.8844251200,2.4857310400,-1.0000000000
1.0000000000,0.4256187300,-0.1757436400,-1.0000000000
1.0000000000,-2.0745464800,-1.1832093300,-1.0000000000
1.0000000000,-0.4287344400,-0.5929441300,-1.0000000000
1.0000000000,-0.3831965500,-0.6591872500,-1.0000000000
-1.0000000000,-0.8666688800,-1.6605418400,-1.0000000000
1.0000000000,-2.3754194300,-1.0642728800,-1.0000000000
1.0000000000,0.9064495200,1.1065468600,1.0000000000
-1.0000000000,2.0465210900,-1.8489536900,1.0000000000
-1.0000000000,1.5503173700,0.2752525900,1.0000000000
-1.0000000000,-0.4159997600,-0.0643355800,-1.0000000000
-1.0000000000,2.1735795900,-2.1443432500,1.0000000000
-1.0000000000,1.2004319700,-2.1149676400,1.0000000000
1.0000000000,1.0487691300,0.6918399500,1.0000000000
-1.0000000000,-0.1857657900,-1.8427807500,-1.0000000000
1.0000000000,-0.5136868800,1.6244768900,1.0000000000
1.0000000000,2.3800846500,-0.3788579100,1.0000000000
1.0000000000,-0.2758927300,0.5639182600,-1.0000000000
-1.0000000000,-0.8983643900,-0.9284407400,-1.0000000000
-1.0000000000,-1.4212996800,3.2231256400,-1.0000000000
-1.0000000000,-0.2371133200,-2.0420785700,1.0000000000
1.0000000000,-0.1076923900,-0.7989850300,1.0000000000
1.0000000000,1.5245426600,0.5022242500,1.0000000000
-1.0000000000,1.1993818600,-1.8351784100,1.0000000000
1.0000000000,1.3996555700,0.4136773700,1.0000000000
-1.0000000000,0.4747515400,-1.7672393600,1.0000000000
1.0000000000,-1.3589187900,-0.8711717200,-1.0000000000
1.0000000000,-0.0800123600,2.0908485500,1.0000000000
-1.0000000000,1.7212009000,0.5997710500,1.0000000000
1.0000000000,1.4079915900,0.1709231300,1.0000000000
1.0000000000,0.3145895000,-2.5437638800,-1.0000000000
-1.0000000000,-1.8540351300,-1.3539577800,-1.0000000000
1.0000000000,-0.3354023800,0.3221057100,-1.0000000000
-1.0000000000,0.0225070700,1.9430831500,1.0000000000
1.0000000000,0.5245155500,1.6554544000,1.0000000000
-1.0000000000,-0.3098409500,-0.3939284500,-1.0000000000
-1.0000000000,-0.0613734800,-0.5683929200,1.0000000000
-1.0000000000,-1.8156646700,-0.8265182200,-1.0000000000
-1.0000000000,1.0093176900,1.1045440900,1.0000000000
1.0000000000,1.5983900200,0.3946191300,1.0000000000
1.0000000000,2.2545710900,-2.1711600400,1.0000000000
-1.0000000000,-2.0368155600,-1.3192417400,-1.0000000000
1.0000000000,0.8214139500,1.2977325700,1.0000000000
1.0000000000,2.1939850100,-1.6769511800,1.0000000000
-1.0000000000,0.6633307800,-1.2230207700,1.0000000000
-1.0000000000,2.4055345300,-1.5470930700,1.0000000000
-1.0000000000,-0.9418952700,-0.5141258700,-1.0000000000
-1.0000000000,-1.7214560200,0.1992034000,-1.0000000000
1.0000000000,0.6903718500,-1.4267147400,1.0000000000
-1.0000000000,-0.9644324800,-1.4641588700,-1.0000000000
1.0000000000,-0.3203226500,2.1760489900,1.0000000000
-1.0000000000,-0.4748846800,1.2934560700,-1.0000000000
-1.0000000000,-0.7370604200,-0.9511808300,-1.0000000000
-1.0000000000,-1.0632058600,1.6299817100,-1.0000000000
-1.0000000000,1.9937281800,-1.6791980300,1.0000000000
-1.0000000000,0.6449594100,-1.7476387600,1.0000000000
-1.0000000000,-1.3768195000,-0.6783041100,-1.0000000000
1.0000000000,0.4327371300,-0.6491572000,1.0000000000
-1.0000000000,-0.0359824800,1.0091377600,-1.0000000000
-1.0000000000,1.4444396400,-2.4974554100,1.0000000000
1.0000000000,0.8143882700,-2.2401655800,1.0000000000
-1.0000000000,-0.4149351900,2.7186790800,1.0000000000
1.0000000000,-0.5568683300,-1.5586253200,-1.0000000000
1.0000000000,-0.7817146100,-1.5970503500,-1.0000000000
1.0000000000,1.2908741500,0.8151042100,1.0000000000
1.0000000000,0.2099206100,1.6978137400,1.0000000000
-1.0000000000,-2.2131291500,-1.2235313800,-1.0000000000
1.0000000000,-2.1221512700,-0.7733552200,-1.0000000000
1.0000000000,0.3353666200,1.8769059400,1.0000000000
1.0000000000,-0.3851950600,1.4077476300,-1.0000000000
1.0000000000,1.5291784700,0.4636889000,1.0000000000
-1.0000000000,0.5834603100,1.2872085000,1.0000000000
1.0000000000,-0.8772319400,-1.0527784000,-1.0000000000
1.0000000000,0.9377109500,-2.6897500700,1.0000000000
-1.0000000000,-1.1707360500,-0.1267482200,-1.0000000000
1.0000000000,-0.2292981200,1.4736376400,-1.0000000000
-1.0000000000,0.4854130000,4.4921993800,-1.0000000000
-1.0000000000,-1.9546372600,-0.1470226500,-1.0000000000
1.0000000000,-0.5571497000,2.0537838000,-1.0000000000
-1.0000000000,-1.8268292900,-1.4159015300,-1.0000000000
-1.0000000000,0.0247335100,0.9252404300,1.0000000000
-1.0000000000,0.4460502800,-1.2216789900,-1.0000000000
-1.0000000000,-1.6457031000,1.5558474700,-1.0000000000
-1.0000000000,-2.2644235700,-1.7187352800,-1.0000000000
1.0000000000,-0.4069622200,-1.4477608800,-1.0000000000
-1.0000000000,-0.7668496600,0.2102692600,1.0000000000
-1.0000000000,-1.3568272500,0.3606198500,1.0000000000
1.0000000000,-0.7211213700,1.1111997900,-1.0000000000
-1.0000000000,1.7785508200,-1.7730020700,1.0000000000
1.0000000000,-0.5274550100,2.2296152200,-1.0000000000
-1.0000000000,-1.3030433500,-0.6835777600,-1.0000000000
-1.0000000000,1.5218199000,0.1361946000,1.0000000000
1.0000000000,-1.1648016900,-1.2672619300,-1.0000000000
1.0000000000,2.1750611500,-0.7017895100,1.0000000000
1.0000000000,-0.7002707000,0.9066924100,-1.0000000000
-1.0000000000,0.7890650200,1.2663119100,1.0000000000
1.0000000000,-0.0949512000,2.4190611200,1.0000000000
1.0000000000,1.3167380600,-1.2411369600,1.0000000000
-1.0000000000,-2.3116738400,-0.1275868600,-1.0000000000
-1.0000000000,-2.1429860100,0.0461215700,-1.0000000000
-1.0000000000,0.3774076500,1.6354205700,1.0000000000
-1.0000000000,0.5505706500,1.6463786200,1.0000000000
-1.0000000000,1.2680486000,0.3878522500,1.0000000000
-1.0000000000,0.1508970800,2.0904094800,1.0000000000
-1.0000000000,-1.3788729000,1.2421054600,-1.0000000000
-1.0000000000,-0.9702370000,-0.6246043800,-1.0000000000
1.0000000000,1.2545470400,0.9981992100,1.0000000000
-1.0000000000,2.1695904100,-2.9881778700,1.0000000000
1.0000000000,-1.9235579300,1.9885711900,-1.0000000000
-1.0000000000,-0.2783065900,-0.6793691600,1.0000000000
-1.0000000000,0.9736388800,0.9375561500,1.0000000000
-1.0000000000,0.9026763600,0.7947552000,1.0000000000
-1.0000000000,1.6978555100,-0.9519573900,1.0000000000
1.0000000000,-0.0146960900,0.9493091100,-1.0000000000
1.0000000000,1.1826726000,0.8847761500,1.0000000000
1.0000000000,-1.0236634600,1.4296717400,-1.0000000000
-1.0000000000,0.4536930400,0.1108382100,1.0000000000
-1.0000000000,1.3753618700,-1.0234622600,1.0000000000
1.0000000000,-0.2350654200,-0.0835209600,-1.0000000000
-1.0000000000,0.8916070800,-2.0565898300,1.0000000000
-1.0000000000,-1.7029044400,-1.4316760600,-1.0000000000
1.0000000000,-0.5289393700,2.8142852500,-1.0000000000
1.0000000000,2.5926446100,-1.0115718200,1.0000000000
1.0000000000,-0.2786562400,-1.3173100900,-1.0000000000
-1.0000000000,-2.3940624900,-0.8121029000,-1.0000000000
1.0000000000,-0.5784218500,2.7705981500,1.0000000000
1.0000000000,-0.1369770500,2.3425632600,1.0000000000
-1.0000000000,1.5601008100,0.2428968400,1.0000000000
1.0000000000,-0.4517936400,-1.6481057100,1.0000000000
1.0000000000,1.2154630700,-0.8721736300,1.0000000000
-1.0000000000,-1.8743288300,1.5993470800,-1.0000000000
1.0000000000,-0.6535200600,1.1833583100,1.0000000000
-1.0000000000,-0.3416443600,0.0019798500,-1.0000000000
-1.0000000000,1.2744293400,-0.7939716200,1.0000000000
-1.0000000000,-1.1183768600,0.6129500700,-1.0000000000
1.0000000000,2.0846000400,-0.0283656900,1.0000000000
-1.0000000000,-0.4748488300,-0.8114603900,1.0000000000
-1.0000000000,0.5489106100,1.5107899600,1.0000000000
-1.0000000000,-0.7733386700,-1.5578658600,-1.0000000000
1.0000000000,-1.3067772600,-1.3220765000,-1.0000000000
-1.0000000000,-1.4589180800,-0.5949456600,-1.0000000000
1.0000000000,-0.4232646400,2.7164594500,1.0000000000
-1.0000000000,2.1251200800,-2.6639713700,1.0000000000
-1.0000000000,-0.4149570300,0.4162713300,-1.0000000000
1.0000000000,-0.4516207700,2.6519421900,-1.0000000000
1.0000000000,-1.3626449700,-1.9492418500,-1.0000000000
1.0000000000,1.5912419700,0.4435672000,1.0000000000
1.0000000000,-0.9273202900,0.5726363300,-1.0000000000
1.0000000000,-0.4616374800,-0.7077631400,-1.0000000000
-1.0000000000,-1.0980797900,-1.0640679300,-1.0000000000
-1.0000000000,-1.1248871000,-0.8300996600,-1.0000000000
-1.0000000000,-0.4429636800,2.5298692300,1.0000000000
-1.0000000000,2.0064040500,-0.6811791600,1.0000000000
1.0000000000,-0.7804111100,-1.3657922300,-1.0000000000
-1.0000000000,-1.6034111900,-0.5942785200,-1.0000000000
1.0000000000,1.1373819900,0.6255599600,1.0000000000
-1.0000000000,-1.5286086500,-2.0569676200,-1.0000000000
-1.0000000000,1.9751674200,-0.3508933800,1.0000000000
1.0000000000,0.1026469700,-1.0103149800,-1.0000000000
-1.0000000000,0.7426209400,1.0780230800,1.0000000000
-1.0000000000,0.5012584700,4.3699335800,-1.0000000000
-1.0000000000,-0.2381831600,2.1520195200,1.0000000000
1.0000000000,-1.0654697300,-0.4491211700,-1.0000000000
1.0000000000,0.0159363500,0.3467830700,1.0000000000
1.0000000000,2.1180824200,-0.6820215400,1.0000000000
-1.0000000000,1.3048223500,0.4587724100,1.0000000000
1.0000000000,0.6371913000,1.3878329900,-1.0000000000
1.0000000000,-3.7244122200,-0.9770554600,-1.0000000000
1.0000000000,0.3815455100,1.8909887400,1.0000000000
1.0000000000,0.0922394900,-0.2995204500,1.0000000000
1.0000000000,2.7887499200,-2.1927704000,1.0000000000
1.0000000000,-1.4086566000,-1.1667493800,1.0000000000
1.0000000000,0.1238923600,-0.7753258300,-1.0000000000
-1.0000000000,-1.0591036300,-0.6301749300,-1.0000000000
1.0000000000,-1.6169301500,-1.9110669100,-1.0000000000
1.0000000000,1.3430871200,0.7402929500,0.0000000000
-1.0000000000,-0.6740907000,2.2371382600,0.0000000000
1.0000000000,-0.8193611300,0.4226140300,0.0000000000
-1.0000000000,2.0768626100,-0.2393032400,0.0000000000
-1.0000000000,-0.2201309500,-0.5088546500,0.0000000000
1.0000000000,-2.0201547700,-0.1713204900,0.0000000000
-1.0000000000,-1.9142225900,1.1073922500,0.0000000000
1.0000000000,3.4649306100,-1.6569420700,0.0000000000
1.0000000000,1.3316282900,-0.1405092500,0.0000000000
1.0000000000,0.6994037900,1.6386550600,0.0000000000
-1.0000000000,-1.7697112800,-0.2691948400,0.0000000000
-1.0000000000,-1.6904309100,-1.3301599400,0.0000000000
1.0000000000,-0.0771259900,1.4436788100,0.0000000000
-1.0000000000,2.7945434600,-1.1460173500,0.0000000000
-1.0000000000,1.3328203200,0.6943786000,0.0000000000
1.0000000000,0.2354077100,2.0582153500,0.0000000000
-1.0000000000,1.5489199200,0.3069748600,0.0000000000
1.0000000000,1.0638790300,1.1476886200,0.0000000000
-1.0000000000,1.3587116900,0.6009691600,0.0000000000
-1.0000000000,0.1522024000,2.0369104900,0.0000000000
-1.0000000000,-0.6152602400,2.9254928700,0.0000000000
-1.0000000000,2.5797315800,-1.9375499600,0.0000000000
1.0000000000,-0.4959175300,-0.1340268400,0.0000000000
1.0000000000,-2.7286308900,2.5016770900,0.0000000000
-1.0000000000,1.7854569600,-0.1256264500,0.0000000000
1.0000000000,0.3099955100,1.8723651500,0.0000000000
-1.0000000000,-1.9630689500,0.5744825400,0.0000000000
1.0000000000,-1.0813560400,-2.6407162900,0.0000000000
-1.0000000000,-2.1118003500,-1.3899607600,0.0000000000
-1.0000000000,1.9705132900,0.1540855900,0.0000000000
-1.0000000000,-0.4526012800,0.7471798600,0.0000000000
1.0000000000,-0.5002048400,0.0268631700,0.0000000000
1.0000000000,0.2404523200,0.0687297800,0.0000000000
-1.0000000000,0.2899936800,1.8115597900,0.0000000000
-1.0000000000,-1.2911511400,-0.7894057700,0.0000000000
-1.0000000000,-1.1537874200,-0.4799501200,0.0000000000
1.0000000000,-1.6883941200,0.3205519300,0.0000000000
-1.0000000000,2.6793678200,-2.1450348600,0.0000000000
1.0000000000,0.5710696900,1.5803688000,0.0000000000
-1.0000000000,0.0337039800,-1.0472657600,0.0000000000
1.0000000000,-0.9558913500,-0.2474747900,0.0000000000
1.0000000000,1.6220468000,0.4921554000,0.0000000000
-1.0000000000,-1.6551743800,1.2883002400,0.0000000000
1.0000000000,-1.1663520300,0.2106353400,0.0000000000
1.0000000000,-0.5894663700,-1.0156065800,0.0000000000
-1.0000000000,0.2356284000,1.9990027300,0.0000000000
1.0000000000,0.6893425900,-0.9462789100,0.0000000000
1.0000000000,0.2366384600,-0.2201753100,0.0000000000
1.0000000000,1.2520895200,0.4519246600,0.0000000000
-1.0000000000,-2.5119821900,-0.3568066100,0.0000000000
-1.0000000000,-1.0524047400,0.7302627100,0.0000000000
1.0000000000,1.0006467500,1.1264171800,0.0000000000
1.0000000000,0.1568716000,-0.5955653600,0.0000000000
-1.0000000000,1.9144396900,-0.2374380000,0.0000000000
1.0000000000,0.2695068800,0.1269613300,0.0000000000
-1.0000000000,-1.4177065300,1.9922549500,0.0000000000
1.0000000000,2.5229431600,-2.3802500600,0.0000000000
1.0000000000,-0.0036351600,-0.5912994500,0.0000000000
1.0000000000,-0.1281612200,1.4159203000,0.0000000000
-1.0000000000,-2.8168218200,-3.1677369700,0.0000000000
1.0000000000,-1.9868417200,-0.7195927900,0.0000000000
-1.0000000000,-1.2732140700,0.1218704500,0.0000000000
1.0000000000,1.4939735800,-1.2268149400,0.0000000000
1.0000000000,1.0225170100,0.9713879900,0.0000000000
1.0000000000,1.0670513100,-1.3608069600,0.0000000000
1.0000000000,-0.0109099200,-1.6886290400,0.0000000000
1.0000000000,1.6609302100,-2.0549493900,0.0000000000
-1.0000000000,-2.0220162700,-0.4172457100,0.0000000000
-1.0000000000,1.1336571300,0.9112314500,0.0000000000
-1.0000000000,1.5292993200,-1.7608189800,0.0000000000
-1.0000000000,1.3807016000,0.5823774000,0.0000000000
-1.0000000000,1.1852856900,0.6425856600,0.0000000000
1.0000000000,-1.0342111000,-0.1950820700,0.0000000000
-1.0000000000,-0.9599114700,0.2776628200,0.0000000000
1.0000000000,-0.0655550600,-0.9775593800,0.0000000000
1.0000000000,1.9000640300,-0.2929590900,0.0000000000
1.0000000000,1.2687776100,0.8639116700,0.0000000000
-1.0000000000,-1.0734893900,3.4831606500,0.0000000000
1.0000000000,3.4712231600,-1.0215980200,0.0000000000
1.0000000000,-0.8771733800,0.5715654300,0.0000000000
1.0000000000,0.1376491000,1.3466147400,0.0000000000
-1.0000000000,-0.6370856000,-2.1208275500,0.0000000000
-1.0000000000,1.0295758600,1.1344675100,0.0000000000
-1.0000000000,-1.8605151200,-0.1630256700,0.0000000000
1.0000000000,0.2413574800,1.9649036500,0.0000000000
1.0000000000,0.8532831400,-1.0187368500,0.0000000000
1.0000000000,0.2506031300,-1.5194587000,0.0000000000
-1.0000000000,1.0835735100,0.8760567500,0.0000000000
-1.0000000000,-3.0487317500,-0.1996162900,0.0000000000
1.0000000000,-0.4398957700,-0.5813012800,0.0000000000
-1.0000000000,-1.5798373500,-0.2368585200,0.0000000000
-1.0000000000,-0.8000866300,0.1421486500,0.0000000000
-1.0000000000,0.0570910500,2.6877116900,0.0000000000
1.0000000000,0.3810705200,1.7194144500,0.0000000000
1.0000000000,-0.3998929900,-1.2912233200,0.0000000000
1.0000000000,-1.2149609000,-1.7437161800,0.0000000000
-1.0000000000,0.8618416700,-0.8104343900,0.0000000000
-1.0000000000,-0.8827170600,-0.8779542900,0.0000000000
1.0000000000,1.3934352600,0.8134347600,0.0000000000
-1.0000000000,-0.0792929800,1.7173021000,0.0000000000
1.0000000000,-1.3527114300,-0.6870671600,0.0000000000
1.0000000000,1.6171045500,-0.5688196900,0.0000000000
-1.0000000000,0.5814891800,1.1890307700,0.0000000000
1.0000000000,-1.1589672700,-0.0148773100,0.0000000000
1.0000000000,-1.4189939900,-0.9083781200,0.0000000000
1.0000000000,1.7787626600,-1.7954669900,0.0000000000
-1.0000000000,-1.4509486900,-2.3420725900,0.0000000000
1.0000000000,-1.2857113100,-2.4674676000,0.0000000000
1.0000000000,-1.3453220500,-0.0188965200,0.0000000000
1.0000000000,0.3950020700,-0.4908273900,0.0000000000
-1.0000000000,1.4146618700,0.3650538200,0.0000000000
-1.0000000000,1.2548069400,-1.9382035500,0.0000000000
1.0000000000,-0.0106745800,2.1301891500,0.0000000000
1.0000000000,1.8710172800,-0.7041359700,0.0000000000
-1.0000000000,1.7476182800,-0.7974917600,0.0000000000
1.0000000000,-0.4371388600,0.3176321000,0.0000000000
-1.0000000000,0.4347982400,1.4136411400,0.0000000000
1.0000000000,-1.0304370400,-1.2975392900,0.0000000000
-1.0000000000,-0.6720512200,1.2287516200,0.0000000000
-1.0000000000,-0.3853309900,0.6142294500,0.0000000000
1.0000000000,-0.0123727400,-1.6578628200,0.0000000000
1.0000000000,0.8109684300,1.2039340800,0.0000000000
1.0000000000,-0.6007889100,-0.8760493100,0.0000000000
1.0000000000,-1.4488798700,-0.9455667300,0.0000000000
-1.0000000000,-1.3258662300,1.9661013200,0.0000000000
-1.0000000000,0.2428869700,1.2709168800,0.0000000000
1.0000000000,0.1963770500,1.7877752100,0.0000000000
1.0000000000,-0.2863857900,2.3023795000,0.0000000000
1.0000000000,-0.2710060500,-1.7807432400,0.0000000000
-1.0000000000,0.1666320000,4.6183484600,0.0000000000
-1.0000000000,-0.9178820000,1.0211689800,0.0000000000
1.0000000000,1.2949085300,0.5866353400,0.0000000000
1.0000000000,1.1954230200,0.9900973200,0.0000000000
1.0000000000,-0.3669189600,-0.1723296300,0.0000000000
1.0000000000,1.3995052100,0.6617818800,0.0000000000
-1.0000000000,-1.9446909000,-0.1621959600,0.0000000000
1.0000000000,-0.4138897100,-1.0527588900,0.0000000000
-1.0000000000,0.9523460100,1.0118983300,0.0000000000
-1.0000000000,0.2498018000,0.3961162800,0.0000000000
1.0000000000,2.3766453200,-3.6719732200,0.0000000000
-1.0000000000,-1.6603899800,-1.9492844200,0.0000000000
-1.0000000000,0.8959221800,1.1340121500,0.0000000000
-1.0000000000,-1.4016298900,2.2886248800,0.0000000000
1.0000000000,1.0900795900,-2.4665068000,0.0000000000
1.0000000000,1.0075666400,-1.8672574200,0.0000000000
-1.0000000000,1.1591978900,-0.9459046700,0.0000000000
-1.0000000000,0.7590545700,3.1042776200,0.0000000000
1.0000000000,-0.0635234800,0.3309046300,0.0000000000
1.0000000000,2.4823109200,-2.1391536600,0.0000000000
1.0000000000,0.0038228900,-0.6068144300,0.0000000000
1.0000000000,-1.9364029200,-1.2107078600,0.0000000000
1.0000000000,0.2008399000,1.9670993300,0.0000000000
1.0000000000,0.8277229200,-0.7346929500,0.0000000000
-1.0000000000,-0.1782710500,2.4432990200,0.0000000000
-1.0000000000,-1.7513643800,1.0820538200,0.0000000000
1.0000000000,-1.9838534600,-1.3271965000,0.0000000000
-1.0000000000,1.9870075300,0.0554041400,0.0000000000
-1.0000000000,0.8201983300,1.3287558900,0.0000000000
-1.0000000000,0.0932150800,0.9787563500,0.0000000000
-1.0000000000,-1.4823459900,-0.9499824500,0.0000000000
-1.0000000000,0.2415173900,-0.5042568900,0.0000000000
-1.0000000000,1.8997455400,-0.0289657000,0.0000000000
-1.0000000000,0.0380717100,-0.4308228700,0.0000000000
1.0000000000,-0.4220159700,-1.0910880600,0.0000000000
-1.0000000000,0.3090655700,-0.0916593700,0.0000000000
1.0000000000,-1.2726034400,3.7194953400,0.0000000000
-1.0000000000,-1.6121281200,0.1912623100,0.0000000000
-1.0000000000,-1.3697638400,-1.6838258100,0.0000000000
1.0000000000,-1.8943702800,-1.4618547900,0.0000000000
1.0000000000,1.6631809500,0.3429300300,0.0000000000
-1.0000000000,-0.6084638500,-1.1199333300,0.0000000000
-1.0000000000,-1.7381517900,-2.0101261100,0.0000000000
1.0000000000,1.8648077900,-0.1614693000,0.0000000000
-1.0000000000,3.0528220800,-0.9377612100,0.0000000000
1.0000000000,3.0445387800,-1.3454858700,0.0000000000
1.0000000000,1.1044657200,0.7379225900,0.0000000000
1.0000000000,-0.7674608600,0.0819713000,0.0000000000
-1.0000000000,-0.0723161300,-0.1712335100,0.0000000000
1.0000000000,-2.1967693500,-0.0715443500,0.0000000000
-1.0000000000,1.2369998300,-1.3380264300,0.0000000000
-1.0000000000,-1.1611073200,2.0555053600,0.0000000000
-1.0000000000,0.5343617400,1.7131227600,0.0000000000
-1.0000000000,1.2613191400,-0.5427719300,0.0000000000
-1.0000000000,-1.2235136100,1.0822613900,0.0000000000
-1.0000000000,2.9463019500,-1.4019306700,0.0000000000
1.0000000000,-0.1632598000,-1.3666868500,0.0000000000
1.0000000000,-2.0737336600,-0.9808661600,0.0000000000
-1.0000000000,-0.5603087000,-0.4713491900,0.0000000000
-1.0000000000,-0.6824767600,1.4261692300,0.0000000000
1.0000000000,-0.9402109900,-1.0604714200,0.0000000000
1.0000000000,0.3223522500,-2.2809157300,0.0000000000
-1.0000000000,-1.8141962800,1.4117788900,0.0000000000
1.0000000000,-0.3616571200,-1.3444121000,0.0000000000
-1.0000000000,-0.5726454100,1.3416350000,0.0000000000
1.0000000000,1.0557249800,1.0905484100,0.0000000000
1.0000000000,-2.3183288300,-1.4989881800,0.0000000000
-1.0000000000,1.5420395300,-1.1927609700,0.0000000000
-1.0000000000,1.1623632600,0.6589055800,0.0000000000
1.0000000000,-0.5226018600,-0.6812126000,0.0000000000
-1.0000000000,0.5535088900,1.5985320100,0.0000000000
-1.0000000000,-1.0184917700,-0.9215425500,0.0000000000
1.0000000000,1.6903822000,-0.3643304600,0.0000000000
1.0000000000,0.7100222800,-0.3614385500,0.0000000000
1.0000000000,0.3044606100,1.9929344900,0.0000000000
-1.0000000000,-2.4935084200,-0.7753927700,0.0000000000
-1.0000000000,3.2483857900,-2.2431464700,0.0000000000
1.0000000000,0.4045712800,-1.9047739200,0.0000000000
-1.0000000000,0.9668677200,1.0109624400,0.0000000000
1.0000000000,-0.0458764800,2.0106278000,0.0000000000
1.0000000000,-1.4731739500,-0.2279626000,0.0000000000
1.0000000000,-0.9418888800,-0.1166692400,0.0000000000
-1.0000000000,1.3444534400,-1.7688614100,0.0000000000
-1.0000000000,-0.1484630500,1.9100510400,0.0000000000
1.0000000000,-1.5949318100,-1.2468292300,0.0000000000
-1.0000000000,2.2627066100,-2.8880927200,0.0000000000
1.0000000000,-1.3756754100,-0.2389421800,0.0000000000
1.0000000000,1.1869466600,0.6452728700,0.0000000000
1.0000000000,-0.6896574800,3.7784895700,0.0000000000
1.0000000000,-0.7867184500,1.9502801300,0.0000000000
-1.0000000000,-1.2402168900,0.3595810800,0.0000000000
-1.0000000000,-0.7780020800,3.4382726300,0.0000000000
-1.0000000000,-1.5449536300,-0.1439535000,0.0000000000
-1.0000000000,1.5837401000,-2.1785322700,0.0000000000
-1.0000000000,0.5964779500,-0.3486047100,0.0000000000
1.0000000000,1.4197413700,0.7443037800,0.0000000000
-1.0000000000,-1.0252564000,-0.7772558400,0.0000000000
-1.0000000000,-2.3371334600,-2.2447373000,0.0000000000
-1.0000000000,-0.4364167700,-1.4107303500,0.0000000000
-1.0000000000,-0.4525260400,2.9093517300,0.0000000000
1.0000000000,-1.0976463600,-1.0175448200,0.0000000000
-1.0000000000,-0.2726783000,-1.2930781300,0.0000000000
1.0000000000,-2.4909357000,-0.5828512000,0.0000000000
1.0000000000,1.1176225000,-1.3005223300,0.0000000000
-1.0000000000,1.3819366100,0.2529534500,0.0000000000
-1.0000000000,-2.3208631300,0.0480466800,0.0000000000
-1.0000000000,0.7979914700,-2.0455793500,0.0000000000
-1.0000000000,0.5203797500,-0.4570362900,0.0000000000
-1.0000000000,-0.7703098500,-1.4643409500,0.0000000000
-1.0000000000,-1.3110233300,0.8501975100,0.0000000000
-1.0000000000,0.9739782500,-0.4974622800,0.0000000000
1.0000000000,-0.9317705600,-0.4647295000,0.0000000000
1.0000000000,-1.9370775700,-0.3246803700,0.0000000000
-1.0000000000,1.1186314900,0.0403956500,0.0000000000
-1.0000000000,0.8710581500,-1.3051558300,0.0000000000
1.0000000000,0.4619569400,1.5083828300,0.0000000000
1.0000000000,0.6939568000,1.3592748400,0.0000000000
1.0000000000,0.5755883100,-1.7500559000,0.0000000000
-1.0000000000,0.9527750100,0.9507155000,0.0000000000
1.0000000000,-0.0897810700,1.1843951600,0.0000000000
-1.0000000000,-0.4643323200,2.7668787700,0.0000000000
1.0000000000,1.1408104900,0.8630610700,0.0000000000
-1.0000000000,-1.7021105900,-0.3913555000,0.0000000000
1.0000000000,0.8745404900,1.0955880800,0.0000000000
1.0000000000,-1.3009213600,-1.0797539200,0.0000000000
1.0000000000,-1.5937995000,-1.1258816000,0.0000000000
1.0000000000,-2.0480290500,-0.2592340200,0.0000000000
-1.0000000000,-1.4040050000,0.0396983100,0.0000000000
-1.0000000000,1.5343973000,-1.4956130000,0.0000000000
1.0000000000,0.5296810800,-0.0140089300,0.0000000000
-1.0000000000,1.3499140800,-0.4864627400,0.0000000000
-1.0000000000,-0.6626649700,-1.0251648100,0.0000000000
1.0000000000,0.1332252700,-0.5407588600,0.0000000000
-1.0000000000,-2.3995929600,-0.8894043800,0.0000000000
-1.0000000000,2.7691057600,-2.3763938600,0.0000000000
1.0000000000,1.4633494800,-2.2517899100,0.0000000000
-1.0000000000,-0.3003522700,1.5771874600,0.0000000000
1.0000000000,1.2467585500,0.5007183100,0.0000000000
1.0000000000,-0.1531361400,1.9847914400,0.0000000000
-1.0000000000,0.1213576500,1.9955646600,0.0000000000
-1.0000000000,-0.6476040200,-2.8249508800,0.0000000000
-1.0000000000,-1.6501250300,-1.2228379500,0.0000000000
1.0000000000,-2.9450311700,-0.6075533700,0.0000000000
1.0000000000,0.3845749900,-0.9959701100,0.0000000000
-1.0000000000,0.5723838700,1.3195672100,0.0000000000
-1.0000000000,-1.3869579600,-0.3895370700,0.0000000000
-1.0000000000,-0.5665050300,-0.9661646700,0.0000000000
1.0000000000,-0.1983949200,1.5176479200,0.0000000000
-1.0000000000,1.6659122700,0.3233493400,0.0000000000
-1.0000000000,0.4925140400,-1.5326552900,0.0000000000
1.0000000000,-0.4985135900,-1.8459668100,0.0000000000
1.0000000000,-1.1631709100,-1.1667606200,0.0000000000
-1.0000000000,2.3061697100,-0.3452603600,0.0000000000
-1.0000000000,0.0447037100,2.2196022500,0.0000000000
1.0000000000,1.1031575000,0.5994461100,0.0000000000
-1.0000000000,-0.2110230400,2.4751741000,0.0000000000
1.0000000000,0.3083972600,1.7762889000,0.0000000000
1.0000000000,-0.5653208300,-2.6670261900,0.0000000000
1.0000000000,-0.3935762600,-2.6836133700,0.0000000000
-1.0000000000,0.0076962300,1.9881325900,0.0000000000
-1.0000000000,-0.1898989000,0.1581033900,0.0000000000
1.0000000000,-0.2053546900,-2.6116234200,0.0000000000
1.0000000000,0.6027315800,-1.2963832200,0.0000000000
1.0000000000,0.1629997900,0.8074770600,0.0000000000
-1.0000000000,-0.6529882700,-1.4955273600,0.0000000000
-1.0000000000,2.0136184000,-0.0445020000,0.0000000000
1.0000000000,1.1366823900,-1.4943630900,0.0000000000
1.0000000000,0.7861177400,1.2395685400,0.0000000000
-1.0000000000,2.2508729100,-0.4071804100,0.0000000000
1.0000000000,0.6626053500,1.5540387300,0.0000000000
-1.0000000000,0.0454879000,-0.5666949900,0.0000000000
1.0000000000,1.6079811900,0.4236846200,0.0000000000
-1.0000000000,1.7380779300,-1.0636991200,0.0000000000
-1.0000000000,-1.6524860000,2.9653026900,0.0000000000
1.0000000000,-0.7205883700,-0.2476583400,0.0000000000
-1.0000000000,-1.7515670100,0.7786983800,0.0000000000
-1.0000000000,-0.8289909400,-1.2224165900,0.0000000000
1.0000000000,-1.7134486500,0.3730316900,0.0000000000
-1.0000000000,0.3906517200,1.8124816800,0.0000000000
1.0000000000,0.2226110700,-1.0297545900,0.0000000000
-1.0000000000,-1.0698529200,1.0180182400,0.0000000000
1.0000000000,1.6905118400,-1.7929421200,0.0000000000
1.0000000000,-1.2884301600,2.6713464600,0.0000000000
1.0000000000,-1.3874923300,0.1528875800,0.0000000000
1.0000000000,1.3523752400,0.6008631900,0.0000000000
1.0000000000,3.7063353000,-1.6164986800,0.0000000000
-1.0000000000,1.3476436700,-1.4149730400,0.0000000000
-1.0000000000,-0.1167133900,1.5811282200,0.0000000000
-1.0000000000,-0.1440621900,-1.0229381500,0.0000000000
1.0000000000,1.3731879200,0.4113459400,0.0000000000
1.0000000000,0.1312603900,-1.8739161200,0.0000000000
-1.0000000000,1.4030948200,0.5454644200,0.0000000000
-1.0000000000,1.1437765600,0.8448374300,0.0000000000
1.0000000000,-1.5078862400,-1.1203533200,0.0000000000
-1.0000000000,-0.3189208300,-0.9676808900,0.0000000000
1.0000000000,-1.0649962600,-1.0370274100,0.0000000000
1.0000000000,1.5258173500,-1.3058977000,0.0000000000
-1.0000000000,-0.3121057700,-1.0147029200,0.0000000000
-1.0000000000,-0.6597384700,-0.4067946100,0.0000000000
1.0000000000,2.6730469200,-0.6488244200,0.0000000000
1.0000000000,1.7163503100,0.2087457600,0.0000000000
1.0000000000,0.3341659600,1.8932921500,0.0000000000
1.0000000000,-0.4634088900,2.7036315800,0.0000000000
-1.0000000000,0.3935739700,-2.1711517600,0.0000000000
1.0000000000,-2.2044195300,-1.5656497100,0.0000000000
1.0000000000,-1.2084828300,-0.9810529100,0.0000000000
-1.0000000000,-0.2207587200,-2.0136175000,0.0000000000
-1.0000000000,-1.6711128000,1.0254641600,0.0000000000
-1.0000000000,1.0459674200,-1.9179251900,0.0000000000
-1.0000000000,-0.7648558800,-0.3268182400,0.0000000000
1.0000000000,-0.3025338100,-1.4979668000,0.0000000000
1.0000000000,-2.2144413900,0.2348755300,0.0000000000
-1.0000000000,-0.4641406800,2.5878745900,0.0000000000
1.0000000000,-0.7715668600,3.2653286200,0.0000000000
1.0000000000,1.8597430600,0.0611481500,0.0000000000
1.0000000000,-0.3076423700,1.8879428000,0.0000000000
1.0000000000,-0.1436439700,-0.9910155500,0.0000000000
-1.0000000000,-0.8879634500,-0.1792849000,0.0000000000
1.0000000000,0.4887912300,1.2957528600,0.0000000000
1.0000000000,-0.3588855000,-0.3519635100,0.0000000000
-1.0000000000,0.7937213700,-0.8292467500,0.0000000000
1.0000000000,0.5215737500,1.7631573700,0.0000000000
-1.0000000000,1.4873789800,0.6124424300,0.0000000000
1.0000000000,0.5732481200,1.5094165300,0.0000000000
-1.0000000000,2.6057958000,-1.0379918400,0.0000000000
-1.0000000000,-1.6338915000,-0.2198197500,0.0000000000
-1.0000000000,0.1609621500,2.1696206000,0.0000000000
-1.0000000000,-1.7385357700,2.0103662800,0.0000000000
1.0000000000,1.2848316900,-2.2210640200,0.0000000000
-1.0000000000,1.7013843100,0.0640573600,0.0000000000
1.0000000000,-2.0458583100,-1.0247679100,0.0000000000
1.0000000000,2.3792897100,-1.6755958600,0.0000000000
1.0000000000,1.5799340100,0.4560445200,0.0000000000
1.0000000000,0.4210208500,-1.0276095800,0.0000000000
-1.0000000000,-1.1197362300,0.3807484100,0.0000000000
-1.0000000000,-0.5153565500,1.3329634000,0.0000000000
-1.0000000000,-1.6148199100,-1.3020581200,0.0000000000
-1.0000000000,-0.2180800600,-0.9271043600,0.0000000000
1.0000000000,0.7296166200,1.1546049400,0.0000000000
-1.0000000000,1.4926639700,0.5321422200,0.0000000000
1.0000000000,-1.0679224700,-0.1840940100,0.0000000000
1.0000000000,-0.7047075000,0.9855227100,0.0000000000
-1.0000000000,1.8180771900,-2.8784761000,0.0000000000
-1.0000000000,1.7840379200,-1.1091188300,0.0000000000
-1.0000000000,-0.8178638900,0.5940951600,0.0000000000
1.0000000000,-0.2147938000,2.4300324500,0.0000000000
1.0000000000,-1.6937542700,-0.9081312100,0.0000000000
1.0000000000,1.0269091000,0.8294203600,0.0000000000
-1.0000000000,-1.0225928300,-0.4639633400,0.0000000000
-1.0000000000,-0.5540731800,2.2847237900,0.0000000000
-1.0000000000,0.0549615100,2.2921038000,0.0000000000
-1.0000000000,1.3875416200,0.4975020700,0.0000000000
1.0000000000,1.0341076900,0.6065684300,0.0000000000
-1.0000000000,1.7063841900,-2.4992310800,0.0000000000
1.0000000000,-1.8034052100,-1.3621209900,0.0000000000
1.0000000000,-0.6532593200,0.1346319000,0.0000000000
1.0000000000,-0.9204811500,-0.4078113700,0.0000000000
-1.0000000000,1.1149703100,-1.2138507700,0.0000000000
-1.0000000000,1.7000621400,0.3935941400,0.0000000000
-1.0000000000,2.6259601200,-0.7106859400,0.0000000000
-1.0000000000,-0.4809159400,2.4614596500,0.0000000000
-1.0000000000,0.5878436200,-0.6567415800,0.0000000000
-1.0000000000,-0.9983896300,2.0801760000,0.0000000000
1.0000000000,2.5419106300,-0.7539069900,0.0000000000
-1.0000000000,-1.8049538900,-1.6602872600,0.0000000000
-1.0000000000,0.2321505200,0.0540197400,0.0000000000
-1.0000000000,2.2007056700,-0.1949095900,0.0000000000
-1.0000000000,-1.2804435500,-0.0169286000,0.0000000000
-1.0000000000,0.4690975600,0.3288547900,0.0000000000
1.0000000000,1.1928275000,-1.7399163300,0.0000000000
-1.0000000000,-1.3138855500,-1.8369325500,0.0000000000
1.0000000000,-1.0596103300,-0.5316961000,0.0000000000
-1.0000000000,-1.6792972800,1.8304121000,0.0000000000
-1.0000000000,1.3242763100,-1.1841727200,0.0000000000
-1.0000000000,-0.0690409600,2.2065100300,0.0000000000
1.0000000000,-1.1808853000,0.1284397100,0.0000000000
-1.0000000000,2.7522296400,-0.7286688200,0.0000000000
-1.0000000000,-2.9836205900,-0.5862534900,0.0000000000
1.0000000000,0.4367359200,-0.6598883300,0.0000000000
-1.0000000000,1.4901101600,-1.6129277000,0.0000000000
1.0000000000,0.3907928200,1.7739771100,0.0000000000
-1.0000000000,1.5760771800,0.2652771900,0.0000000000
1.0000000000,-0.0885062300,-1.9905294800,0.0000000000
-1.0000000000,-1.7497604100,1.0623566400,0.0000000000
1.0000000000,-0.4688479900,2.7282526800,0.0000000000
-1.0000000000,-1.2373368300,-1.1502582000,0.0000000000
1.0000000000,-0.3502108500,-0.9875752100,0.0000000000
1.0000000000,-0.6601324800,-0.6076564600,0.0000000000
-1.0000000000,-0.2907972000,0.9422167900,0.0000000000
1.0000000000,-0.8031358600,-1.7064532600,0.0000000000
1.0000000000,0.9207169800,-0.8518601500,0.0000000000
-1.0000000000,0.5280425400,1.4736632300,0.0000000000
1.0000000000,-1.4619910000,0.8882267700,0.0000000000
-1.0000000000,-1.0291172000,2.6985662600,0.0000000000
1.0000000000,-1.2363644800,-0.6921445600,0.0000000000
-1.0000000000,0.9685018400,1.2291588000,0.0000000000
1.0000000000,0.6773799200,1.0894975200,0.0000000000
1.0000000000,0.9990219100,1.2081517900,0.0000000000
-1.0000000000,-1.5970211100,-0.8345360600,0.0000000000
1.0000000000,-0.0862132200,-1.1837063300,0.0000000000
-1.0000000000,-1.4112434600,-0.7215943700,0.0000000000
1.0000000000,-0.7114872400,2.8426523800,0.0000000000
1.0000000000,1.6773029300,0.3383909600,0.0000000000
-1.0000000000,-1.6245549700,-0.9709447500,0.0000000000
1.0000000000,-0.4914485300,-0.3509550300,0.0000000000
-1.0000000000,-2.0454854100,1.7566737200,0.0000000000
-1.0000000000,-1.3050415100,-1.8285452100,0.0000000000
-1.0000000000,-0.1965976900,-0.3197168900,0.0000000000
-1.0000000000,-1.0632978700,0.2786090000,0.0000000000
-1.0000000000,0.2533686300,2.0746507600,0.0000000000
1.0000000000,1.7026867600,0.0038041000,0.0000000000
-1.0000000000,-0.4328504000,-0.8026083000,0.0000000000
-1.0000000000,0.0722249000,0.0513981400,0.0000000000
1.0000000000,0.7599950000,1.3616023700,0.0000000000
-1.0000000000,-0.8805097400,1.9461138900,0.0000000000
1.0000000000,0.3151010300,1.6595415200,0.0000000000
-1.0000000000,-2.0989619200,0.2470214600,0.0000000000
-1.0000000000,-1.6960047600,-1.5097806200,0.0000000000
-1.0000000000,-0.8254349600,-0.4881365100,0.0000000000
-1.0000000000,-1.9552450200,0.7161027700,0.0000000000
1.0000000000,2.9088268200,-1.1141253500,0.0000000000
-1.0000000000,-0.4207973900,2.0151114000,0.0000000000
1.0000000000,-0.8389528800,-0.8215415800,0.0000000000
-1.0000000000,-1.3746772800,0.6420076700,0.0000000000
1.0000000000,-1.6630055900,-1.1593745900,0.0000000000
-1.0000000000,1.9374064400,-0.3004687600,0.0000000000
-1.0000000000,-0.3988200400,0.9526357000,0.0000000000
1.0000000000,-2.1633020000,1.1903428900,0.0000000000
-1.0000000000,0.6261969400,1.0939311300,0.0000000000
1.0000000000,-0.9802806500,-1.9266009600,0.0000000000
1.0000000000,2.1395953200,-1.3863773600,0.0000000000
1.0000000000,-1.0179261200,-1.0191798900,0.0000000000
-1.0000000000,-1.9751040300,-0.8860902000,0.0000000000
-1.0000000000,-1.1197254100,-1.5387713700,0.0000000000
1.0000000000,-1.7055011200,1.9742052700,0.0000000000
1.0000000000,2.3709430600,-2.4037982900,0.0000000000
1.0000000000,-0.8063207100,-2.6696863500,0.0000000000
1.0000000000,0.0973561500,1.9607215800,0.0000000000
1.0000000000,-0.4725013200,0.3386502100,0.0000000000
1.0000000000,-1.3061490100,-0.1569487900,0.0000000000
1.0000000000,0.8793952400,1.0719232200,0.0000000000
1.0000000000,-1.5623802400,0.5431141600,0.0000000000
1.0000000000,0.7276451900,1.1959450100,0.0000000000
-1.0000000000,-1.5739378200,-0.9176232200,0.0000000000
1.0000000000,0.3229407200,1.7582727200,0.0000000000
-1.0000000000,2.0422666800,-1.2497628700,0.0000000000
-1.0000000000,0.3641387900,1.5929556800,0.0000000000
-1.0000000000,0.7354610300,1.5072068200,0.0000000000
1.0000000000,1.4329421200,0.4528224500,0.0000000000
1.0000000000,1.2181597500,0.8366448400,0.0000000000
1.0000000000,-2.1900291200,-0.1530508300,0.0000000000
-1.0000000000,-1.4525105100,-0.4113057700,0.0000000000
1.0000000000,-0.4646509300,-1.3931796300,0.0000000000
-1.0000000000,-1.0045385000,-1.7648986400,0.0000000000
1.0000000000,0.8371880700,0.0915078700,0.0000000000
1.0000000000,0.4938890800,1.3871307200,0.0000000000
1.0000000000,-2.5523494800,0.0347703000,0.0000000000
-1.0000000000,-0.6169631700,0.8851975100,0.0000000000
-1.0000000000,1.3109279400,0.6843334300,0.0000000000
1.0000000000,-0.4805632300,-1.1018242100,0.0000000000
1.0000000000,-1.0123678800,-1.2784643100,0.0000000000
-1.0000000000,-1.7227204300,-0.1393157400,0.0000000000
1.0000000000,0.3949290400,1.7623560300,0.0000000000
-1.0000000000,2.2181721700,-0.4352616800,0.0000000000
-1.0000000000,0.5466035200,-0.9662336200,0.0000000000
-1.0000000000,2.1426509000,-0.4320701600,0.0000000000
1.0000000000,-1.7521679600,-0.4215794800,0.0000000000
1.0000000000,-0.1721689900,2.1853155300,0.0000000000
-1.0000000000,-1.2473908500,-0.2259077200,0.0000000000
-1.0000000000,-0.6811727500,-1.9493330000,0.0000000000
1.0000000000,-1.2278776900,-1.0026448300,0.0000000000
-1.0000000000,-0.8268777800,2.3292931200,0.0000000000
1.0000000000,-0.8849848100,1.2347345900,0.0000000000
-1.0000000000,-0.5704577800,-0.8619213600,0.0000000000
1.0000000000,0.9279007400,1.1982597200,0.0000000000
-1.0000000000,0.3225028400,2.7693222900,0.0000000000
1.0000000000,-1.4718827800,-0.3491112400,0.0000000000
1.0000000000,-1.4956778400,-1.6858629600,0.0000000000
-1.0000000000,0.3063818100,0.4819518500,0.0000000000
-1.0000000000,0.6947525500,-0.9973909900,0.0000000000
1.0000000000,0.4267330300,0.7246375200,0.0000000000
-1.0000000000,0.5013015900,-0.9274991700,0.0000000000
1.0000000000,1.0516843800,0.7660920400,0.0000000000
1.0000000000,0.8218962800,1.1996867000,0.0000000000
-1.0000000000,-1.6170851400,1.5845870800,0.0000000000
-1.0000000000,0.0864298400,1.8556356500,0.0000000000
-1.0000000000,-0.8695471700,-0.2003707000,0.0000000000
1.0000000000,-0.8516637500,-1.4942734500,0.0000000000
1.0000000000,-0.4457038400,-2.1592740800,0.0000000000
1.0000000000,-1.1850151300,0.1692118100,0.0000000000
1.0000000000,0.5479471700,1.4924159200,0.0000000000
1.0000000000,0.5780474600,1.3584606000,0.0000000000
1.0000000000,2.8201486300,-1.1534765700,0.0000000000
1.0000000000,-0.1179456300,-1.1110953100,0.0000000000
-1.0000000000,1.3679724000,0.3187579100,0.0000000000
-1.0000000000,1.5129106400,0.5522462800,0.0000000000
1.0000000000,1.2603185300,0.3174427800,0.0000000000
-1.0000000000,3.4594564500,-2.0650957000,0.0000000000
-1.0000000000,-1.2195708800,1.5049869100,0.0000000000
1.0000000000,0.7889412600,1.1759233200,0.0000000000
1.0000000000,0.0645148200,4.1314925000,0.0000000000
-1.0000000000,0.2014834600,1.9435107800,0.0000000000
1.0000000000,-0.7356156100,-0.1537519800,0.0000000000
1.0000000000,-0.1890066100,-1.7620621700,0.0000000000
1.0000000000,-1.5884815000,-1.2490242100,0.0000000000
-1.0000000000,-1.4104005200,-1.6083810500,0.0000000000
1.0000000000,-2.2025427600,-0.8677787900,0.0000000000
-1.0000000000,2.3403838900,-2.5137786700,0.0000000000
-1.0000000000,0.9471018300,-1.6843574700,0.0000000000
-1.0000000000,-0.6497775000,-0.7540691900,0.0000000000
-1.0000000000,0.1095774000,0.3943817900,0.0000000000
-1.0000000000,1.1741094800,0.0618152400,0.0000000000
-1.0000000000,-0.3392758400,3.7623082600,0.0000000000
1.0000000000,0.7392299700,1.0679294800,0.0000000000
-1.0000000000,0.7378361500,-2.0154635100,0.0000000000
-1.0000000000,-2.0987519900,-1.4026072100,0.0000000000
1.0000000000,0.2882557000,-1.0328602200,0.0000000000
-1.0000000000,1.6784261600,0.0227356800,0.0000000000
1.0000000000,-0.3409503200,1.4995786400,0.0000000000
-1.0000000000,-0.6805776700,-0.1779111300,0.0000000000
-1.0000000000,1.2651826400,-1.2809807500,0.0000000000
-1.0000000000,-2.2907052200,-1.9386211900,0.0000000000
-1.0000000000,0.4963334300,-0.6516003200,0.0000000000
1.0000000000,1.3690920300,-2.0793976000,0.0000000000
-1.0000000000,-0.6812879000,-1.0758138900,0.0000000000
-1.0000000000,0.1957739600,-1.3470474700,0.0000000000
-1.0000000000,1.1712444700,-2.4176439500,0.0000000000
1.0000000000,-0.6766950300,-0.8702937700,0.0000000000
-1.0000000000,-1.3302121100,-1.4087894900,0.0000000000
-1.0000000000,2.1914798600,-1.3157328800,0.0000000000
1.0000000000,-0.8244410100,1.1762861800,0.0000000000
-1.0000000000,-1.4322447000,-0.5482406400,0.0000000000
-1.0000000000,-1.4728120100,-0.6811425900,0.0000000000
1.0000000000,0.9396215700,-1.8256246600,0.0000000000
1.0000000000,-0.1438857900,-0.7996989800,0.0000000000
-1.0000000000,0.9992366600,-1.0760184700,0.0000000000
-1.0000000000,-1.8963897500,0.7421129500,0.0000000000
1.0000000000,1.3808462800,-0.2976915000,0.0000000000
1.0000000000,0.7622873500,-1.2148585500,0.0000000000
-1.0000000000,1.9620998600,0.2469961600,0.0000000000
1.0000000000,0.4649302300,-1.4192190500,0.0000000000
-1.0000000000,0.8722657700,1.4179555000,0.0000000000
-1.0000000000,0.2485121400,3.1890337600,0.0000000000
1.0000000000,-1.5613337100,-0.0753347600,0.0000000000
-1.0000000000,0.5419400500,-0.4340723400,0.0000000000
-1.0000000000,-0.0545368500,-2.5006248800,0.0000000000
1.0000000000,-0.3690601800,-2.0607930800,0.0000000000
-1.0000000000,-1.0926067400,-0.8904730300,0.0000000000
-1.0000000000,0.7904767500,2.4909921000,0.0000000000
1.0000000000,0.1408313400,1.0306361500,0.0000000000
1.0000000000,-2.2817220700,2.4758231500,0.0000000000
1.0000000000,-0.3122773800,-0.5595211300,0.0000000000
1.0000000000,-1.1893289200,-1.4697313700,0.0000000000
-1.0000000000,1.9086203200,-1.2036074200,0.0000000000
-1.0000000000,2.1427406600,-0.4105047700,0.0000000000
1.0000000000,1.5910864900,0.2346833700,0.0000000000
1.0000000000,2.2722648700,-3.1382775800,0.0000000000
1.0000000000,1.3475739900,-0.9852239100,0.0000000000
1.0000000000,0.3372990300,-1.3522183000,0.0000000000
1.0000000000,-2.1079425000,-1.1668870300,0.0000000000
1.0000000000,-0.9090625400,0.5009796300,0.0000000000
-1.0000000000,2.3141651000,-1.7771670300,0.0000000000
1.0000000000,-0.2135514100,2.4566907600,0.0000000000
-1.0000000000,-2.8074451100,1.5548051900,0.0000000000
1.0000000000,-1.1957312700,-0.6158576100,0.0000000000
-1.0000000000,2.6939717500,-0.7730119200,0.0000000000
-1.0000000000,-3.0456181400,0.8964378500,0.0000000000
1.0000000000,-1.5841521900,-1.0372115100,0.0000000000
-1.0000000000,1.2586107800,0.5390136800,0.0000000000
-1.0000000000,-0.6030031700,0.2473023200,0.0000000000
-1.0000000000,0.0363746100,-2.9160817600,0.0000000000
-1.0000000000,-0.9162306200,-0.6824128800,0.0000000000
1.0000000000,-1.1284683800,0.0028169400,0.0000000000
1.0000000000,0.9878460500,0.9167936100,0.0000000000
-1.0000000000,0.7724213900,1.0906889900,0.0000000000
1.0000000000,-1.8082543500,-1.5966872400,0.0000000000
-1.0000000000,-0.2623993300,2.5780527900,0.0000000000
1.0000000000,0.7771686500,1.1461953400,0.0000000000
-1.0000000000,-0.5731169500,-1.1576604600,0.0000000000
-1.0000000000,1.8517586200,-0.0391679700,0.0000000000
1.0000000000,-1.4595336900,-0.1201477600,0.0000000000
-1.0000000000,-1.6504316900,-0.4066222900,0.0000000000
1.0000000000,0.3602771500,1.7012436700,0.0000000000
-1.0000000000,0.7710651900,1.1891922700,0.0000000000
1.0000000000,0.4905290700,-0.2052890500,0.0000000000
-1.0000000000,1.1233710700,1.0081112200,0.0000000000
-1.0000000000,-2.0530047400,-1.7172172800,0.0000000000
1.0000000000,1.5156440400,0.6904766800,0.0000000000
1.0000000000,-0.0212978600,1.9249664300,0.0000000000
-1.0000000000,0.9223833900,1.2551308100,0.0000000000
1.0000000000,1.4357961200,0.9870385600,0.0000000000
1.0000000000,-0.5660724900,-0.3278829800,0.0000000000
-1.0000000000,0.0178936000,2.2719601000,0.0000000000
1.0000000000,0.5355367800,-1.3341028500,0.0000000000
-1.0000000000,3.4481312000,-1.2726478900,0.0000000000
-1.0000000000,-0.4354445200,-1.9921234000,0.0000000000
1.0000000000,-0.1232964400,0.5031527800,0.0000000000
-1.0000000000,1.6659583500,0.2406237000,0.0000000000
-1.0000000000,-0.4832612400,-1.4937654900,0.0000000000
1.0000000000,0.6311469900,1.5723987600,0.0000000000
-1.0000000000,0.0386411700,1.7487950100,0.0000000000
-1.0000000000,-1.0599205600,-1.4365835900,0.0000000000
1.0000000000,1.6961015200,-0.5297174400,0.0000000000
1.0000000000,0.8903232400,1.3927652400,0.0000000000
-1.0000000000,-3.3320218600,-0.1698787100,0.0000000000
-1.0000000000,2.5830510300,-0.9868920100,0.0000000000
-1.0000000000,-0.5764896300,-0.5853938000,0.0000000000
-1.0000000000,-0.9305190300,0.8721175800,0.0000000000
-1.0000000000,1.3338258000,0.7210285000,0.0000000000
-1.0000000000,-0.5515583600,2.3848280000,0.0000000000
-1.0000000000,0.3675037100,-0.9676760900,0.0000000000
-1.0000000000,0.9232641500,1.2302403000,0.0000000000
1.0000000000,0.3482448400,1.9068528100,0.0000000000
-1.0000000000,-0.7053944300,-0.7612628600,0.0000000000
1.0000000000,0.0755012800,0.1863951700,0.0000000000
1.0000000000,-0.4983208200,-0.5804375100,0.0000000000
1.0000000000,0.6221312300,1.6653484600,0.0000000000
-1.0000000000,-0.7589710900,2.3851841300,0.0000000000
-1.0000000000,-2.0598624500,-0.2812320300,0.0000000000
-1.0000000000,-0.5655339400,-0.9421847000,0.0000000000
1.0000000000,-1.6862750200,-1.3903458800,0.0000000000
-1.0000000000,0.6130690200,1.4020257300,0.0000000000
-1.0000000000,-1.1952683000,-1.5156771000,0.0000000000
1.0000000000,0.8187443000,-1.1086128200,0.0000000000
-1.0000000000,-0.9709738100,1.6213488900,0.0000000000
-1.0000000000,0.0798659400,1.8341480300,0.0000000000
-1.0000000000,0.8240634900,1.0865724200,0.0000000000
1.0000000000,-0.1349939500,-2.2082227400,0.0000000000
-1.0000000000,-0.5310745200,1.1851425600,0.0000000000
1.0000000000,-0.8424856900,-0.0205920000,0.0000000000
-1.0000000000,0.1546994500,2.4122279900,0.0000000000
-1.0000000000,0.3878110300,-2.3851803900,0.0000000000
1.0000000000,0.9074857600,0.8917622800,0.0000000000
1.0000000000,-3.0916686800,0.4491352300,0.0000000000
-1.0000000000,-0.0490112400,2.4164925800,0.0000000000
1.0000000000,2.4462440700,-0.9320236500,0.0000000000
-1.0000000000,0.0299382600,2.7702755800,0.0000000000
1.0000000000,-0.8982175300,-1.5897702100,0.0000000000
-1.0000000000,-1.1416887400,-0.1390635700,0.0000000000
1.0000000000,0.2207846700,-0.3267425200,0.0000000000
-1.0000000000,1.1027984300,-0.5491549900,0.0000000000
1.0000000000,-0.1183494800,-2.2127419600,0.0000000000
1.0000000000,1.0042585800,1.1340716700,0.0000000000
1.0000000000,0.8277438100,2.7166756600,0.0000000000
1.0000000000,0.1733408600,-2.0364645600,0.0000000000
-1.0000000000,-2.4742356000,-1.6020253400,0.0000000000
-1.0000000000,0.4839613200,-2.3082255500,0.0000000000
-1.0000000000,-1.9548440900,-0.6051368900,0.0000000000
-1.0000000000,0.6198019800,1.4663796200,0.0000000000
1.0000000000,2.0225945000,-0.2161301300,0.0000000000
1.0000000000,1.0692845700,0.8818210600,0.0000000000
-1.0000000000,-1.0783948100,1.6722178200,0.0000000000
-1.0000000000,-0.1151946900,3.9224913000,0.0000000000
1.0000000000,1.6835500400,-0.7667822500,0.0000000000
1.0000000000,0.5932565900,1.5417158000,0.0000000000
1.0000000000,0.3719130100,0.5839087600,0.0000000000
1.0000000000,0.5658524900,-1.3879018900,0.0000000000
-1.0000000000,-0.3028513800,-0.9922572500,0.0000000000
1.0000000000,1.7917491000,-1.6654413400,0.0000000000
-1.0000000000,0.5265521200,2.4419816000,0.0000000000
-1.0000000000,-1.2907692900,2.3408586200,0.0000000000
1.0000000000,-1.9852718600,-1.9127044700,0.0000000000
-1.0000000000,3.0190990200,-1.4370873100,0.0000000000
1.0000000000,-1.5426828900,3.8469624700,0.0000000000
1.0000000000,1.9293734700,-0.9142542800,0.0000000000
-1.0000000000,1.2306513400,-2.0547227400,0.0000000000
-1.0000000000,0.3588353200,0.1872530000,0.0000000000
-1.0000000000,-1.1654460500,0.4734991000,0.0000000000
1.0000000000,-1.7564833900,1.3803951100,0.0000000000
-1.0000000000,-0.6942292100,-0.9337316700,0.0000000000
-1.0000000000,-1.6216561900,1.3582569800,0.0000000000
-1.0000000000,-3.9756691300,-0.6097766300,0.0000000000
1.0000000000,1.4415428400,0.6416782500,0.0000000000
-1.0000000000,-0.1645287400,-0.4405036100,0.0000000000
-1.0000000000,1.9939200800,-0.4043525800,0.0000000000
-1.0000000000,0.8802603500,1.2415890800,0.0000000000
-1.0000000000,-0.2593355900,2.1889963200,0.0000000000
1.0000000000,2.0437432400,-0.8207477800,0.0000000000
-1.0000000000,-0.1230582000,2.6256109600,0.0000000000
1.0000000000,0.4186805000,1.5881415800,0.0000000000
-1.0000000000,0.3132009400,1.3113957900,0.0000000000
1.0000000000,-1.0330755700,0.9869790600,0.0000000000
1.0000000000,1.8398575800,-0.2748015800,0.0000000000
-1.0000000000,0.5676404800,-0.3917333200,0.0000000000
-1.0000000000,-1.3340852500,1.4828047800,0.0000000000
-1.0000000000,1.7173203300,-1.2986793600,0.0000000000
1.0000000000,0.4288050500,1.4460602800,0.0000000000
1.0000000000,-0.3986313000,1.9373442200,0.0000000000
1.0000000000,0.2471566500,-1.7151792000,0.0000000000
-1.0000000000,-1.0358186600,-0.9642077200,0.0000000000
-1.0000000000,-0.1244824400,1.7079682900,0.0000000000
1.0000000000,0.3512756800,-1.5487877400,0.0000000000
1.0000000000,-1.0461149400,0.4422505500,0.0000000000
-1.0000000000,2.4992808900,-1.4153818700,0.0000000000
-1.0000000000,1.9517193900,-1.1870019200,0.0000000000
1.0000000000,1.7141068600,-0.9685025200,0.0000000000
1.0000000000,0.2728318100,-1.9026429900,0.0000000000
1.0000000000,-0.4986958900,3.0927641300,0.0000000000
1.0000000000,-0.8194208800,-0.4007424800,0.0000000000
-1.0000000000,-0.1033011000,0.4133479100,0.0000000000
-1.0000000000,0.3167058000,0.1269612200,0.0000000000
1.0000000000,2.8439064500,-1.3649259900,0.0000000000
-1.0000000000,0.0013388612,2.4346506300,0.0000000000
-1.0000000000,-2.4243140000,-1.2726626500,0.0000000000
-1.0000000000,-0.7441122300,-1.1108768900,0.0000000000
1.0000000000,-1.0755107200,-0.0309273100,0.0000000000
1.0000000000,-0.4541109300,2.7488586400,0.0000000000
1.0000000000,2.0407972500,-1.9356896900,0.0000000000
-1.0000000000,-1.3199247000,-0.7384526100,0.0000000000
-1.0000000000,-0.7123955800,0.8933301600,0.0000000000
1.0000000000,-0.8820567200,0.6388743600,0.0000000000
-1.0000000000,-0.0977067000,2.3100663500,0.0000000000
-1.0000000000,-0.8873943900,1.5099426800,0.0000000000
-1.0000000000,0.2846501300,1.6492915700,0.0000000000
1.0000000000,0.1903923100,1.6302981400,0.0000000000
1.0000000000,0.5123634300,4.3263417600,0.0000000000
1.0000000000,1.1554847900,0.9696232100,0.0000000000
-1.0000000000,1.4519055400,0.4817352900,0.0000000000
-1.0000000000,2.5807123500,-0.8393078300,0.0000000000
-1.0000000000,0.4489632500,1.6131880600,0.0000000000
-1.0000000000,1.0620219400,0.9115419300,0.0000000000
1.0000000000,1.5881758800,0.1913152000,0.0000000000
1.0000000000,1.9633411900,-1.7252654900,0.0000000000
1.0000000000,1.1889996100,0.5505550100,0.0000000000
1.0000000000,-0.2627312100,1.7652242500,0.0000000000
1.0000000000,-0.7685869500,-0.6643749300,0.0000000000
-1.0000000000,-2.2583209100,-2.5815787900,0.0000000000
-1.0000000000,-1.2814392600,0.9338165900,0.0000000000
1.0000000000,-0.0630399400,-0.3913533800,0.0000000000
-1.0000000000,-0.5272928400,-0.4808317600,0.0000000000
1.0000000000,-1.2348242000,0.5927430200,0.0000000000
1.0000000000,0.7738407900,-0.7367153400,0.0000000000
1.0000000000,-1.3396654200,0.5441371000,0.0000000000
1.0000000000,-2.2563744000,-1.7537656700,0.0000000000
1.0000000000,0.7595282000,1.0886459100,0.0000000000
-1.0000000000,1.5802115000,0.5194894600,0.0000000000
-1.0000000000,1.1318468500,-2.2707763200,0.0000000000
1.0000000000,1.1194666100,0.6346312800,0.0000000000
-1.0000000000,-0.5095428400,-1.2202554500,0.0000000000
-1.0000000000,0.1967108200,-0.6513495700,0.0000000000
-1.0000000000,-0.5897343300,-0.7063064600,0.0000000000
-1.0000000000,-1.0995836500,0.1003248500,0.0000000000
1.0000000000,2.0239061300,-2.2117067700,0.0000000000
1.0000000000,-0.1595154600,0.4144565700,0.0000000000
-1.0000000000,0.7702005900,1.1911076800,0.0000000000
-1.0000000000,-0.1398784800,-1.8858626000,0.0000000000
-1.0000000000,1.5603048000,0.1674597100,0.0000000000
-1.0000000000,-1.5780778500,0.2575816200,0.0000000000
-1.0000000000,0.1560568400,-0.5981187600,0.0000000000
1.0000000000,0.7095185800,1.3976146600,0.0000000000
1.0000000000,-1.4043034500,0.7662589100,0.0000000000
1.0000000000,2.8493377800,-2.8448379400,0.0000000000
-1.0000000000,-0.0421606200,1.9292549300,0.0000000000
-1.0000000000,-0.6887731800,0.7265313000,0.0000000000
1.0000000000,0.0208780600,0.0471869300,0.0000000000
-1.0000000000,-1.8450956100,-2.0989067300,0.0000000000
1.0000000000,2.1010444000,-0.2155104200,0.0000000000
-1.0000000000,1.3843653000,0.4080176600,0.0000000000
-1.0000000000,-0.6034233400,-0.0446908600,0.0000000000
1.0000000000,-1.2915146900,-1.0788763700,0.0000000000
1.0000000000,-1.4197963200,-1.6292263600,0.0000000000
-1.0000000000,-0.4326500800,1.5300766300,0.0000000000
-1.0000000000,0.6353620600,-0.1790796800,0.0000000000
1.0000000000,-2.0739954300,-0.8750644300,0.0000000000
-1.0000000000,1.4120431400,0.4756791600,0.0000000000
1.0000000000,0.3591101600,2.4273291100,0.0000000000
-1.0000000000,1.6170923300,-0.4820196400,0.0000000000
-1.0000000000,1.8751244200,-0.3025165100,0.0000000000
1.0000000000,-0.9636254800,-1.2757030700,0.0000000000
1.0000000000,0.9457865200,-1.5075487600,0.0000000000
1.0000000000,-0.0723404000,-0.9735276700,0.0000000000
-1.0000000000,0.1837731800,-0.0511259300,0.0000000000
1.0000000000,-0.9778877000,0.4746222000,0.0000000000
-1.0000000000,-1.5430394900,-0.2968199100,0.0000000000
1.0000000000,-1.5479398400,0.2906013300,0.0000000000
-1.0000000000,-3.5851189300,-0.6685487000,0.0000000000
1.0000000000,0.5084632600,-0.7673650000,0.0000000000
1.0000000000,0.0566726500,2.0210993300,0.0000000000
1.0000000000,-1.1888163700,0.3455587800,0.0000000000
-1.0000000000,-1.3130394700,-1.1664457700,0.0000000000
-1.0000000000,-1.5186618700,-1.7737961000,0.0000000000
1.0000000000,-2.0090497900,-0.1721924500,0.0000000000
-1.0000000000,-0.7972174000,0.3648492900,0.0000000000
-1.0000000000,0.0537488300,-0.4704498000,0.0000000000
1.0000000000,-0.0384848800,-1.5952968000,0.0000000000
-1.0000000000,1.5847261700,-1.6058916100,0.0000000000
-1.0000000000,-1.9990687900,-1.2998506500,0.0000000000
1.0000000000,0.1111684600,0.0230738100,0.0000000000
1.0000000000,-3.5717185000,0.4249441900,0.0000000000
1.0000000000,-1.1479993300,-1.3925308600,0.0000000000
-1.0000000000,-1.8191179900,-0.8116970700,0.0000000000
1.0000000000,0.4520249800,1.5868232900,0.0000000000
1.0000000000,1.1891260600,-1.8724079000,0.0000000000
-1.0000000000,1.6042627600,-0.9792974200,0.0000000000
-1.0000000000,0.1228964500,1.9103345800,0.0000000000
1.0000000000,2.2160285500,-0.4346751600,0.0000000000
-1.0000000000,0.4526779200,-2.9301140500,0.0000000000
-1.0000000000,2.6200795600,-1.3780204600,0.0000000000
1.0000000000,-1.0965054300,-0.0223758800,0.0000000000
-1.0000000000,0.4990363800,-2.0685356800,0.0000000000
1.0000000000,0.1949311200,0.2757424700,0.0000000000
-1.0000000000,1.4253136900,0.6017602600,0.0000000000
-1.0000000000,1.8073872500,-1.2368497100,0.0000000000
1.0000000000,-0.9891362200,0.4934565400,0.0000000000
1.0000000000,0.0914891900,-0.6816512100,0.0000000000
1.0000000000,0.2365412300,3.5015197900,0.0000000000
1.0000000000,-0.2491901800,-0.8686565100,0.0000000000
1.0000000000,1.7796845800,-3.2525218700,0.0000000000
1.0000000000,1.5548463300,0.2467709600,0.0000000000
-1.0000000000,-0.4727571600,-0.7672659200,0.0000000000
-1.0000000000,0.7359998300,-1.3097569300,0.0000000000
-1.0000000000,-0.9207244900,-1.6245989400,0.0000000000
-1.0000000000,-0.3295055600,0.0980729800,0.0000000000
-1.0000000000,-0.8811515900,-2.0830731600,0.0000000000
-1.0000000000,-0.9344971100,-1.5536249200,0.0000000000
1.0000000000,0.6701359200,-0.7223165500,0.0000000000
-1.0000000000,0.8367444100,1.3018513200,0.0000000000
-1.0000000000,0.0877695000,2.0925009300,0.0000000000
-1.0000000000,-0.8046736400,-0.7299371600,0.0000000000
-1.0000000000,-0.8455953600,-0.2087911900,0.0000000000
1.0000000000,-0.3264054000,0.5916888200,0.0000000000
-1.0000000000,-1.5371326000,-1.4021612900,0.0000000000
1.0000000000,1.0551675000,0.9612788300,0.0000000000
-1.0000000000,-1.5604716300,0.2352043600,0.0000000000
-1.0000000000,-0.9390497900,1.3727465900,0.0000000000
-1.0000000000,-2.1996644800,0.5124942900,0.0000000000
1.0000000000,0.9537075300,0.1519850700,0.0000000000
-1.0000000000,-1.6966666700,2.7101952000,0.0000000000
1.0000000000,2.1742521100,-0.1276626000,0.0000000000
1.0000000000,1.3029327400,0.6492423900,0.0000000000
1.0000000000,0.1775552500,-0.5839319800,0.0000000000
-1.0000000000,-0.3097887700,-2.5220433800,0.0000000000
1.0000000000,2.4325276300,-1.6141608400,0.0000000000
1.0000000000,-2.0417719800,0.1912426200,0.0000000000
-1.0000000000,1.6864315900,0.3323601000,0.0000000000
1.0000000000,0.4210308700,-1.2792432700,0.0000000000
-1.0000000000,-1.2131579400,3.3499164300,0.0000000000
-1.0000000000,-0.1165151200,-1.1222574100,0.0000000000
-1.0000000000,1.1911075000,-1.6869960900,0.0000000000
-1.0000000000,1.0760186400,0.9983221900,0.0000000000
1.0000000000,-1.7374846600,-0.5749706900,0.0000000000
1.0000000000,-1.2609119300,0.3167261400,0.0000000000
1.0000000000,2.0629474300,-0.1180687800,0.0000000000
-1.0000000000,2.7598906300,-1.7870937300,0.0000000000
1.0000000000,1.0743276600,-0.2132010700,0.0000000000
1.0000000000,1.4366849500,0.5031985400,0.0000000000
-1.0000000000,2.7107611400,-0.8714703300,0.0000000000
1.0000000000,-0.6918684100,-0.1406745800,0.0000000000
-1.0000000000,-2.7571355400,-0.7519498100,0.0000000000
1.0000000000,-2.1834082600,-0.6101265400,0.0000000000
-1.0000000000,0.8433080900,1.2925113100,0.0000000000
1.0000000000,-0.9043207200,2.9293249200,0.0000000000
1.0000000000,1.3535677500,-0.6981237900,0.0000000000
1.0000000000,-0.0594020800,0.3623753200,0.0000000000
1.0000000000,-1.1612986700,-1.0233533200,0.0000000000
1.0000000000,1.6494900500,-1.3829192000,0.0000000000
-1.0000000000,0.7411767100,1.2699427100,0.0000000000
1.0000000000,-1.6407632000,-1.7803571000,0.0000000000
1.0000000000,-0.0506869000,-1.5154674400,0.0000000000
-1.0000000000,-1.0296447800,-1.1049646400,0.0000000000
-1.0000000000,0.1066077900,1.6279162700,0.0000000000
-1.0000000000,-1.9384591600,-1.4265492600,0.0000000000
1.0000000000,1.5257516400,0.4954505900,0.0000000000
-1.0000000000,-2.1251008800,1.0157996800,0.0000000000
1.0000000000,0.3562251500,1.7575671700,0.0000000000
-1.0000000000,2.0840262400,-0.1533924800,0.0000000000
1.0000000000,-1.2810609300,-2.5190448900,0.0000000000
-1.0000000000,-0.6863346500,-0.6453296900,0.0000000000
1.0000000000,-0.5770685400,-0.6214819400,0.0000000000
1.0000000000,2.5676395300,-1.4071565600,0.0000000000
-1.0000000000,-0.4949705500,-1.9591119200,0.0000000000
1.0000000000,-1.7924657900,-0.7716345500,0.0000000000
-1.0000000000,1.3825788700,0.6738927300,0.0000000000
1.0000000000,1.8084986900,-0.1395596500,0.0000000000
-1.0000000000,1.7042029000,0.4524872400,0.0000000000
1.0000000000,-2.6040890900,-0.4115402400,0.0000000000
1.0000000000,-0.2653053500,-1.2175876700,0.0000000000
-1.0000000000,-2.7792460000,0.3624321000,0.0000000000
1.0000000000,0.6318435800,-0.5803565800,0.0000000000
-1.0000000000,-1.4585040600,-0.7719504900,0.0000000000
-1.0000000000,-0.6725850700,-0.3200614600,0.0000000000
-1.0000000000,-1.6020344000,-1.5398523000,0.0000000000
1.0000000000,0.2873812200,-1.8330769700,0.0000000000
-1.0000000000,-1.6960978500,-0.8271462200,0.0000000000
1.0000000000,2.2003062300,-1.6057592000,0.0000000000
-1.0000000000,0.0219058800,-2.1580476700,0.0000000000
-1.0000000000,-0.7894963500,-1.5850076200,0.0000000000
1.0000000000,0.9021639800,-1.7414913500,0.0000000000
1.0000000000,0.1192589300,-1.1619588800,0.0000000000
1.0000000000,-0.8929376300,-1.5557119600,0.0000000000
-1.0000000000,-0.8354052000,-0.2907298400,0.0000000000
-1.0000000000,1.1437004300,-0.9579326200,0.0000000000
-1.0000000000,-1.3761928300,-1.7681662200,0.0000000000
1.0000000000,-0.5963381900,2.5870653900,0.0000000000
-1.0000000000,-0.8243963600,-0.5709684200,0.0000000000
1.0000000000,0.4616990400,1.6609582900,0.0000000000
1.0000000000,-0.4436673200,-0.3235401300,0.0000000000
-1.0000000000,-1.0165654400,-0.7682892800,0.0000000000
-1.0000000000,1.1507018000,0.0559560800,0.0000000000
-1.0000000000,-0.5259063800,-1.5786791300,0.0000000000
1.0000000000,0.9919714300,-2.0061102800,0.0000000000
1.0000000000,-2.0512103600,-0.6488011200,0.0000000000
-1.0000000000,1.0143660000,0.7322918300,0.0000000000
1.0000000000,1.0978554400,-1.8606488200,0.0000000000
-1.0000000000,-0.8395955600,1.4489624500,0.0000000000
1.0000000000,1.7596807500,-2.6554555300,0.0000000000
1.0000000000,-2.2051049700,0.4406047700,0.0000000000
1.0000000000,2.6206587400,-0.8337527200,0.0000000000
-1.0000000000,-1.0680913200,-0.6229371300,0.0000000000
1.0000000000,0.9685835100,0.8858047100,0.0000000000
1.0000000000,-1.1096755100,-2.3651435700,0.0000000000
1.0000000000,-1.6957160200,1.5831898600,0.0000000000
1.0000000000,-1.0832236700,-2.4585058500,0.0000000000
-1.0000000000,1.4504247600,0.6840662300,0.0000000000
1.0000000000,0.1812837100,-2.1201119500,0.0000000000
1.0000000000,1.4306824200,0.7280547900,0.0000000000
-1.0000000000,-0.0448698100,2.9913689400,0.0000000000
1.0000000000,-2.2370809100,0.6583779200,0.0000000000
-1.0000000000,-0.2859603500,-1.5911761100,0.0000000000
-1.0000000000,1.6674070800,-2.8525142100,0.0000000000
-1.0000000000,-1.1323119800,0.1520299400,0.0000000000
1.0000000000,-0.4722437700,0.6275192800,0.0000000000
1.0000000000,-0.1008576000,-1.2320683200,0.0000000000
-1.0000000000,-0.6400278900,2.2294769300,0.0000000000
-1.0000000000,0.5179729000,0.0749094400,0.0000000000
1.0000000000,1.6943275900,0.1717350700,0.0000000000
-1.0000000000,-1.6906464200,1.5728982700,0.0000000000
-1.0000000000,0.1576216800,-0.7862366000,0.0000000000
-1.0000000000,2.4712731500,-1.1155216600,0.0000000000
1.0000000000,-1.9952859700,0.4036732300,0.0000000000
1.0000000000,-0.2983721300,1.3076693800,0.0000000000
1.0000000000,-0.1819134900,1.3537916800,0.0000000000
1.0000000000,-2.2135937800,-1.4094118900,0.0000000000
1.0000000000,-1.2187722800,-1.6002258000,0.0000000000
-1.0000000000,0.0742773600,1.6923566100,0.0000000000
1.0000000000,-1.8356053900,2.0403427700,0.0000000000
1.0000000000,-0.0424923200,0.0230426800,0.0000000000
1.0000000000,0.5600320300,0.1583195100,0.0000000000
1.0000000000,0.2487968900,-0.7669638000,0.0000000000
1.0000000000,-0.7761504800,-0.9333678100,0.0000000000
1.0000000000,0.5198608700,1.5417049200,0.0000000000
1.0000000000,-2.3635799200,-1.7679218800,0.0000000000
-1.0000000000,0.2292800400,-0.5578343700,0.0000000000
-1.0000000000,-1.0278859000,-1.5023657000,0.0000000000
1.0000000000,1.3654037900,0.4913631200,0.0000000000
-1.0000000000,1.1130323600,0.7181586500,0.0000000000
-1.0000000000,-1.6495674200,-0.6737679900,0.0000000000
-1.0000000000,0.4382719100,1.4121074200,0.0000000000
1.0000000000,1.0702981700,1.0167802000,0.0000000000
-1.0000000000,-0.8249712900,0.2785284100,0.0000000000
-1.0000000000,-0.8039405300,2.9674439200,0.0000000000
1.0000000000,1.2104642300,-0.6349242500,0.0000000000
-1.0000000000,-0.6313364900,-1.8889804800,0.0000000000
-1.0000000000,-1.3872746100,-2.2724843800,0.0000000000
-1.0000000000,2.2331035300,-0.3903553700,0.0000000000
1.0000000000,1.0147816600,-1.4884664900,0.0000000000
1.0000000000,1.0513107600,1.0612707300,0.0000000000
1.0000000000,1.4966008500,0.5614364100,0.0000000000
1.0000000000,2.3203241800,-0.4681158600,0.0000000000
1.0000000000,1.0900987600,-0.6372478000,0.0000000000
-1.0000000000,0.9019343700,1.1041109700,0.0000000000
1.0000000000,-1.0963221000,0.2444269800,0.0000000000
-1.0000000000,0.8659353500,-1.9536095900,0.0000000000
1.0000000000,0.7573227700,0.2006314100,0.0000000000
1.0000000000,-1.4450314700,1.3506484700,0.0000000000
-1.0000000000,2.0616857900,-0.1490397800,0.0000000000
1.0000000000,1.3353480400,0.7216664300,0.0000000000
1.0000000000,-0.3395373900,-1.3382408300,0.0000000000
-1.0000000000,-0.9331186700,3.1646708500,0.0000000000
-1.0000000000,-0.7169966800,-1.0874316900,0.0000000000
1.0000000000,-0.5312824700,-1.1504432900,0.0000000000
