-1.0000000000,1.5278620882,0.8389434708,1.0000000000
-1.0000000000,1.1877046230,1.0924489669,1.0000000000
-1.0000000000,2.9815695558,1.5926107166,1.0000000000
-1.0000000000,1.4348169429,0.8318047905,1.0000000000
-1.0000000000,2.2272885706,2.0713648724,1.0000000000
-1.0000000000,1.8383789482,2.9184091565,1.0000000000
-1.0000000000,1.0012793135,0.6373858298,1.0000000000
-1.0000000000,1.5888111763,1.1901905392,1.0000000000
-1.0000000000,1.3783461783,2.2913445461,1.0000000000
-1.0000000000,1.6260870687,3.2134282261,1.0000000000
-1.0000000000,1.9242209929,2.9507621073,1.0000000000
-1.0000000000,1.8099005993,1.2458875268,1.0000000000
-1.0000000000,1.8334835916,1.0474663637,1.0000000000
-1.0000000000,2.4385510363,3.2908511309,1.0000000000
-1.0000000000,2.7534392997,3.7440834197,1.0000000000
-1.0000000000,1.9493953277,2.7720606018,1.0000000000
-1.0000000000,1.7243166025,1.8062852028,1.0000000000
-1.0000000000,2.4478469462,1.7306791805,1.0000000000
-1.0000000000,1.8137675401,2.4422752278,1.0000000000
-1.0000000000,2.1755154122,1.8699783900,1.0000000000
-1.0000000000,1.9144019139,-0.5938169604,1.0000000000
-1.0000000000,2.9597757199,-0.2914151623,1.0000000000
-1.0000000000,2.2469785467,-2.4372093993,1.0000000000
-1.0000000000,1.7012519574,-0.4572244721,1.0000000000
-1.0000000000,1.9569210823,-3.4716105701,1.0000000000
-1.0000000000,1.9276889341,-2.9802028975,1.0000000000
-1.0000000000,2.8640498359,-2.6239723598,1.0000000000
-1.0000000000,2.8728298944,-2.1032271661,1.0000000000
-1.0000000000,2.5245871403,-2.1196058012,1.0000000000
-1.0000000000,2.9130797665,-0.8358996467,1.0000000000
-1.0000000000,2.3745606607,-0.2479208373,1.0000000000
-1.0000000000,1.2268547408,-1.2365912098,1.0000000000
-1.0000000000,1.0807100375,-3.1447497444,1.0000000000
-1.0000000000,1.5893740764,-0.0092614869,1.0000000000
-1.0000000000,1.1634328861,-1.6125422168,1.0000000000
-1.0000000000,2.7770920080,-0.7152569419,1.0000000000
-1.0000000000,1.5736824988,-2.7676696370,1.0000000000
-1.0000000000,1.9148306248,-0.6324512181,1.0000000000
-1.0000000000,1.6252902146,-3.6224915380,1.0000000000
-1.0000000000,2.6461964155,-1.8454803724,1.0000000000
-1.0000000000,-1.9585566166,1.0067154764,-1.0000000000
-1.0000000000,-1.2423718709,3.9199873260,-1.0000000000
-1.0000000000,-1.4231297516,0.8269176097,-1.0000000000
-1.0000000000,-1.2782155447,0.2890648399,-1.0000000000
-1.0000000000,-2.2829362241,0.1091174593,-1.0000000000
-1.0000000000,-1.7634096811,1.1385637417,-1.0000000000
-1.0000000000,-2.2745813287,2.7578015424,-1.0000000000
-1.0000000000,-1.6976583925,1.7717971675,-1.0000000000
-1.0000000000,-2.2657594564,0.2094702984,-1.0000000000
-1.0000000000,-2.5227812772,0.8404160756,-1.0000000000
-1.0000000000,-2.0714571145,0.2240681329,-1.0000000000
-1.0000000000,-2.0596093524,0.1876921496,-1.0000000000
-1.0000000000,-1.0099441069,1.1411647939,-1.0000000000
-1.0000000000,-2.3978482896,0.3397014887,-1.0000000000
-1.0000000000,-1.8921787941,3.7768713363,-1.0000000000
-1.0000000000,-2.4860125187,3.8869212483,-1.0000000000
-1.0000000000,-2.0951744394,3.3114287887,-1.0000000000
-1.0000000000,-1.7985263267,1.4722566649,-1.0000000000
-1.0000000000,-1.4317270288,0.3902834989,-1.0000000000
-1.0000000000,-2.2711506580,1.9519142986,-1.0000000000
-1.0000000000,-2.8961646085,-3.1865707947,-1.0000000000
-1.0000000000,-2.5475120031,-0.6301981975,-1.0000000000
-1.0000000000,-1.2615247491,-3.3394829165,-1.0000000000
-1.0000000000,-1.0282846569,-3.5898432966,-1.0000000000
-1.0000000000,-1.9052109839,-3.9833309860,-1.0000000000
-1.0000000000,-2.1163147176,-0.1885309514,-1.0000000000
-1.0000000000,-1.1622060244,-2.3241993230,-1.0000000000
-1.0000000000,-2.5649588445,-1.2257488697,-1.0000000000
-1.0000000000,-2.2664711375,-2.2608029976,-1.0000000000
-1.0000000000,-2.2334840327,-0.3555325389,-1.0000000000
-1.0000000000,-2.8958354491,-0.4508510415,-1.0000000000
-1.0000000000,-1.5226470161,-0.5372761790,-1.0000000000
-1.0000000000,-2.7138821845,-1.9559087069,-1.0000000000
-1.0000000000,-2.8454009588,-1.8883024476,-1.0000000000
-1.0000000000,-2.8865440485,-1.5706495842,-1.0000000000
-1.0000000000,-1.2533563529,-2.6170660594,-1.0000000000
-1.0000000000,-2.6525507617,-0.8958508965,-1.0000000000
-1.0000000000,-1.7894415301,-0.2774952037,-1.0000000000
-1.0000000000,-2.7838262316,-2.6197006055,-1.0000000000
-1.0000000000,-2.7285883234,-1.6789820917,-1.0000000000
1.0000000000,1.2048546129,2.7427988585,1.0000000000
1.0000000000,1.5253009616,2.7532127726,1.0000000000
1.0000000000,2.2177291396,2.3131701268,1.0000000000
1.0000000000,1.7089707221,1.0702104293,1.0000000000
1.0000000000,1.5044970791,0.2881560546,1.0000000000
1.0000000000,1.3227901108,1.1254530161,1.0000000000
1.0000000000,2.9102075087,0.5916979053,1.0000000000
1.0000000000,2.9142472894,3.6115217021,1.0000000000
1.0000000000,1.2377144310,3.6780237291,1.0000000000
1.0000000000,2.5067184553,3.9312591124,1.0000000000
1.0000000000,1.8563945204,1.7954224517,1.0000000000
1.0000000000,1.2235703840,3.6018657064,1.0000000000
1.0000000000,1.2562082445,2.4287660712,1.0000000000
1.0000000000,2.5152720282,1.7084032268,1.0000000000
1.0000000000,2.4158010319,2.2340467986,1.0000000000
1.0000000000,2.2035393172,0.8564912828,1.0000000000
1.0000000000,2.6755303921,3.2068683352,1.0000000000
1.0000000000,2.1673836555,1.5638281033,1.0000000000
1.0000000000,1.2559345381,0.7743075556,1.0000000000
1.0000000000,2.5824193792,0.7549001398,1.0000000000
1.0000000000,2.5962020138,-1.0053072534,1.0000000000
1.0000000000,2.4586271681,-2.7504112753,1.0000000000
1.0000000000,1.5360540095,-1.5602688570,1.0000000000
1.0000000000,2.0350932564,-3.6077059258,1.0000000000
1.0000000000,2.3069378497,-3.8476956010,1.0000000000
1.0000000000,2.9287127451,-2.7826180792,1.0000000000
1.0000000000,2.1846168079,-0.2256436243,1.0000000000
1.0000000000,1.1618620483,-3.5921048549,1.0000000000
1.0000000000,1.6295993547,-0.3211819412,1.0000000000
1.0000000000,1.1858848771,-2.9303811249,1.0000000000
1.0000000000,1.3404980328,-3.5472151639,1.0000000000
1.0000000000,1.9046597860,-0.5723943059,1.0000000000
1.0000000000,2.7503597896,-0.8638763229,1.0000000000
1.0000000000,1.4767191433,-1.3898226755,1.0000000000
1.0000000000,1.0007884489,-3.1558315906,1.0000000000
1.0000000000,2.3568777905,-3.9255888846,1.0000000000
1.0000000000,1.2960249437,-1.2114775718,1.0000000000
1.0000000000,1.3677788870,-3.1204702077,1.0000000000
1.0000000000,1.4473924003,-3.8473534994,1.0000000000
1.0000000000,2.3742614309,-3.6248574987,1.0000000000
1.0000000000,-2.6465950269,3.8432148007,-1.0000000000
1.0000000000,-1.8946109617,2.0526960158,-1.0000000000
1.0000000000,-2.9594946091,2.0286222051,-1.0000000000
1.0000000000,-1.6186072051,3.1336024327,-1.0000000000
1.0000000000,-1.3383091936,3.0761496684,-1.0000000000
1.0000000000,-2.0528338217,2.9714624225,-1.0000000000
1.0000000000,-1.1983796998,3.4942974886,-1.0000000000
1.0000000000,-2.5191047332,0.3376736884,-1.0000000000
1.0000000000,-2.4918855876,1.3844580783,-1.0000000000
1.0000000000,-1.4025020901,3.6506091575,-1.0000000000
1.0000000000,-2.8589302266,3.5199317016,-1.0000000000
1.0000000000,-2.5014972331,3.6257596615,-1.0000000000
1.0000000000,-1.5788906184,1.8022873772,-1.0000000000
1.0000000000,-1.7041084220,1.7504281185,-1.0000000000
1.0000000000,-1.4281821900,1.0552441090,-1.0000000000
1.0000000000,-1.2751751799,0.6206111328,-1.0000000000
1.0000000000,-2.6848913877,1.7030269603,-1.0000000000
1.0000000000,-2.1676061948,0.0858584685,-1.0000000000
1.0000000000,-2.1032411596,1.3305965978,-1.0000000000
1.0000000000,-2.7448853954,0.7321628731,-1.0000000000
1.0000000000,-1.7321588206,-0.2486921278,-1.0000000000
1.0000000000,-2.0449570456,-2.9038139912,-1.0000000000
1.0000000000,-1.7260640908,-2.4865443319,-1.0000000000
1.0000000000,-2.6898671925,-2.5780004453,-1.0000000000
1.0000000000,-1.9475573242,-2.0535294265,-1.0000000000
1.0000000000,-1.4044149156,-2.1564563850,-1.0000000000
1.0000000000,-2.1795398599,-3.6607119190,-1.0000000000
1.0000000000,-1.9007297191,-2.4284323244,-1.0000000000
1.0000000000,-1.7272263533,-0.5734116741,-1.0000000000
1.0000000000,-1.7754560813,-3.8970774693,-1.0000000000
1.0000000000,-2.3574946929,-2.9048472637,-1.0000000000
1.0000000000,-2.0732922785,-3.8427161635,-1.0000000000
1.0000000000,-1.7424670555,-3.8898321929,-1.0000000000
1.0000000000,-2.9078200707,-3.5591166836,-1.0000000000
1.0000000000,-2.2693143315,-2.7637747509,-1.0000000000
1.0000000000,-1.3322232989,-1.4241162640,-1.0000000000
1.0000000000,-1.3357405223,-0.1858220295,-1.0000000000
1.0000000000,-2.3384109206,-2.2922024161,-1.0000000000
1.0000000000,-2.8790464924,-2.8461752382,-1.0000000000
1.0000000000,-2.0773305372,-3.6762092808,-1.0000000000
-1.0000000000,-0.9406361543,7.5077822631,0.0000000000
-1.0000000000,-1.4937045120,6.1734092725,0.0000000000
-1.0000000000,-1.9048027595,4.3170819897,0.0000000000
-1.0000000000,-1.2737650710,4.7086473205,0.0000000000
-1.0000000000,-1.4238760823,7.5044890313,0.0000000000
-1.0000000000,-1.4504988804,7.4872943182,0.0000000000
-1.0000000000,-0.6655932682,5.3973812568,0.0000000000
-1.0000000000,-1.4651104491,6.9172083126,0.0000000000
-1.0000000000,-1.0897856934,4.4321769258,0.0000000000
-1.0000000000,-0.1487273660,5.0009594038,0.0000000000
-1.0000000000,-1.7338047714,5.1087605950,0.0000000000
-1.0000000000,-0.5490014180,6.3930892570,0.0000000000
-1.0000000000,-0.8875064743,7.2572006761,0.0000000000
-1.0000000000,-0.8515064729,5.7683751211,0.0000000000
-1.0000000000,-1.4821799494,7.4893417148,0.0000000000
-1.0000000000,-1.1455885772,6.9065618633,0.0000000000
-1.0000000000,-0.6173936968,5.8130652519,0.0000000000
-1.0000000000,-1.9964730974,6.2266001130,0.0000000000
-1.0000000000,-0.9977872094,4.7563283653,0.0000000000
-1.0000000000,-0.7472708789,5.3407636978,0.0000000000
-1.0000000000,-1.3595478415,5.3357803970,0.0000000000
-1.0000000000,-1.7857965335,5.7034203429,0.0000000000
-1.0000000000,-0.0741355871,7.5995876051,0.0000000000
-1.0000000000,-0.5144162596,6.0582289627,0.0000000000
-1.0000000000,-0.7597378607,7.0703246018,0.0000000000
-1.0000000000,-1.9186044780,7.6196306775,0.0000000000
-1.0000000000,-1.2879935200,4.3927679317,0.0000000000
-1.0000000000,-1.6038745347,4.1506901210,0.0000000000
-1.0000000000,-1.7287426653,5.2259575168,0.0000000000
-1.0000000000,-0.5472030577,4.1630738599,0.0000000000
-1.0000000000,-0.1108604458,7.2650431718,0.0000000000
-1.0000000000,-1.2255575822,7.5107190523,0.0000000000
-1.0000000000,-1.4137456850,7.6285564784,0.0000000000
-1.0000000000,-1.3802549170,4.9588573781,0.0000000000
-1.0000000000,-1.4660628006,6.7875674951,0.0000000000
-1.0000000000,-0.2664330344,5.7883245097,0.0000000000
-1.0000000000,-1.1708296619,7.8068149240,0.0000000000
-1.0000000000,-1.7790677462,7.9693662263,0.0000000000
-1.0000000000,-1.2676493950,7.1448199210,0.0000000000
-1.0000000000,-1.8349997033,7.6224374303,0.0000000000
-1.0000000000,-1.0721003664,4.5026310002,0.0000000000
-1.0000000000,-1.9753830390,5.9607415709,0.0000000000
-1.0000000000,-1.6818654594,4.1575056515,0.0000000000
-1.0000000000,-1.0960584664,7.5857979314,0.0000000000
-1.0000000000,-0.6952594254,4.0223496917,0.0000000000
-1.0000000000,-1.7258724603,4.9031010322,0.0000000000
-1.0000000000,-0.8515970794,5.0359902936,0.0000000000
-1.0000000000,-1.5797779770,5.5907242190,0.0000000000
-1.0000000000,-0.1525705650,7.4576312473,0.0000000000
-1.0000000000,-1.0051777733,4.1785708657,0.0000000000
-1.0000000000,-1.4429396294,4.7274262723,0.0000000000
-1.0000000000,-0.7731789028,5.3384718644,0.0000000000
-1.0000000000,-0.2188929810,6.9374674222,0.0000000000
-1.0000000000,-1.2785436781,6.0393535446,0.0000000000
-1.0000000000,-1.1609267794,4.8884221932,0.0000000000
-1.0000000000,-1.3318719161,6.0039886723,0.0000000000
-1.0000000000,-1.3016407124,7.0054658506,0.0000000000
-1.0000000000,-1.2004938230,5.7101302120,0.0000000000
-1.0000000000,-0.1002476824,6.1672370914,0.0000000000
-1.0000000000,-1.8755237178,6.2942303186,0.0000000000
-1.0000000000,-0.0589302075,4.8088098814,0.0000000000
-1.0000000000,-0.1785637570,7.1444044511,0.0000000000
-1.0000000000,-1.9289183299,5.4970883014,0.0000000000
-1.0000000000,-1.3237156305,5.2801000096,0.0000000000
-1.0000000000,-1.9665745013,5.8524245366,0.0000000000
-1.0000000000,-0.8827725868,5.5520601785,0.0000000000
-1.0000000000,-0.1343078201,5.2362849076,0.0000000000
-1.0000000000,-1.6651282449,5.7298082028,0.0000000000
-1.0000000000,-1.9981231582,5.0757555803,0.0000000000
-1.0000000000,-0.2868190524,5.1781707293,0.0000000000
-1.0000000000,-1.0122423153,4.1772937929,0.0000000000
-1.0000000000,-1.4932132815,5.6477313018,0.0000000000
-1.0000000000,-0.6345825844,6.4054807503,0.0000000000
-1.0000000000,-1.1321443260,7.6001918374,0.0000000000
-1.0000000000,-0.0019158801,7.2852303094,0.0000000000
-1.0000000000,-0.7591553811,5.9685611448,0.0000000000
-1.0000000000,-0.3195343397,6.5753154925,0.0000000000
-1.0000000000,-0.2966324225,4.9808531961,0.0000000000
-1.0000000000,-1.5300915580,5.6625588502,0.0000000000
-1.0000000000,-1.3024565895,4.3487425984,0.0000000000
-1.0000000000,-0.3218411765,7.8994480543,0.0000000000
-1.0000000000,-0.3374949915,6.8645181305,0.0000000000
-1.0000000000,-0.4446817159,4.4353794308,0.0000000000
-1.0000000000,-0.7060693106,6.6041184558,0.0000000000
-1.0000000000,-0.7439606603,7.4805637791,0.0000000000
-1.0000000000,-0.7218923185,5.4411294776,0.0000000000
-1.0000000000,-1.5483059986,4.7767559800,0.0000000000
-1.0000000000,-1.2412909052,4.7958792020,0.0000000000
-1.0000000000,-0.5348295356,5.8990286887,0.0000000000
-1.0000000000,-1.6665473102,4.1757642455,0.0000000000
-1.0000000000,-1.3352616542,4.3425482097,0.0000000000
-1.0000000000,-1.7673107642,4.1507242242,0.0000000000
-1.0000000000,-1.3117415016,4.0407357883,0.0000000000
-1.0000000000,-0.1786387971,7.7131035085,0.0000000000
-1.0000000000,-1.5823648248,6.2896435210,0.0000000000
-1.0000000000,-0.1180247216,4.3772428783,0.0000000000
-1.0000000000,-1.4290450854,7.2289999450,0.0000000000
-1.0000000000,-0.8097042203,7.6053631599,0.0000000000
-1.0000000000,-0.5383195489,5.4770412958,0.0000000000
-1.0000000000,-1.3020781683,6.3276122323,0.0000000000
-1.0000000000,-1.4583582528,7.8011235320,0.0000000000
-1.0000000000,-0.8017926048,6.1789511477,0.0000000000
-1.0000000000,-0.7713172623,5.0122178482,0.0000000000
-1.0000000000,-1.3464897948,5.0449338013,0.0000000000
-1.0000000000,-0.0409939055,6.7162136539,0.0000000000
-1.0000000000,-0.9084685025,6.6418211975,0.0000000000
-1.0000000000,-1.5844226884,7.8367787187,0.0000000000
-1.0000000000,-0.0574869043,6.4677023357,0.0000000000
-1.0000000000,-0.6363203314,7.4727285028,0.0000000000
-1.0000000000,-0.5734648438,4.5601382937,0.0000000000
-1.0000000000,-0.4391547164,5.6157730094,0.0000000000
-1.0000000000,-0.0393178591,6.8109136765,0.0000000000
-1.0000000000,-1.8112806674,4.6443957330,0.0000000000
-1.0000000000,-0.7027511174,5.5557300005,0.0000000000
-1.0000000000,-0.0418520062,6.0011833123,0.0000000000
-1.0000000000,-0.6712049788,4.1839614627,0.0000000000
-1.0000000000,-1.0326126223,5.0249505273,0.0000000000
-1.0000000000,-0.8702981845,5.7957012678,0.0000000000
-1.0000000000,-1.2865650317,4.1763197327,0.0000000000
-1.0000000000,-0.2853717201,4.0032912460,0.0000000000
-1.0000000000,-0.3689273204,7.5008394866,0.0000000000
-1.0000000000,-1.9074664655,7.0004525506,0.0000000000
-1.0000000000,-1.5557088034,7.2448031301,0.0000000000
-1.0000000000,-0.1665127941,6.3979316336,0.0000000000
-1.0000000000,-0.5034960784,7.6201194978,0.0000000000
-1.0000000000,-1.7067863256,4.6546172162,0.0000000000
-1.0000000000,-0.9661314172,5.0745108232,0.0000000000
-1.0000000000,-1.7610841601,5.2513167787,0.0000000000
-1.0000000000,-1.9821345402,7.8091013110,0.0000000000
-1.0000000000,-1.4104388217,5.5457219869,0.0000000000
-1.0000000000,-1.0857131486,7.6843843752,0.0000000000
-1.0000000000,-1.6116132250,5.7146848416,0.0000000000
-1.0000000000,-0.4241049919,6.4989719545,0.0000000000
-1.0000000000,-0.8338464650,5.3686328695,0.0000000000
-1.0000000000,-0.8385687402,4.0657804502,0.0000000000
-1.0000000000,-0.7240431048,4.0506336891,0.0000000000
-1.0000000000,-1.5121518381,6.1990020142,0.0000000000
-1.0000000000,-0.3885408135,4.3680003321,0.0000000000
-1.0000000000,-0.9987138298,5.9085553633,0.0000000000
-1.0000000000,-0.2351594025,6.8682558504,0.0000000000
-1.0000000000,-1.5925786304,7.6155489124,0.0000000000
-1.0000000000,-1.2924238359,4.6480416275,0.0000000000
-1.0000000000,-0.2124211482,5.4006306046,0.0000000000
-1.0000000000,-1.1138624521,7.6871344202,0.0000000000
-1.0000000000,-0.6620001041,4.1882700823,0.0000000000
-1.0000000000,-1.9821750696,7.3773208270,0.0000000000
-1.0000000000,-1.1648964949,4.0817479481,0.0000000000
-1.0000000000,-0.8498151318,6.5505920014,0.0000000000
-1.0000000000,-0.8313710875,6.1551248795,0.0000000000
-1.0000000000,-0.7494491353,7.4140764587,0.0000000000
-1.0000000000,0.5492441601,8.5628121650,0.0000000000
-1.0000000000,0.3633641212,9.5983933012,0.0000000000
-1.0000000000,0.5162377681,10.7305272060,0.0000000000
-1.0000000000,0.6326472518,10.2865452281,0.0000000000
-1.0000000000,0.2446952316,8.6609183324,0.0000000000
-1.0000000000,0.3439831120,11.4797515318,0.0000000000
-1.0000000000,0.5584522513,11.2678031529,0.0000000000
-1.0000000000,0.9363887091,8.2781490486,0.0000000000
-1.0000000000,0.4839026462,10.7032113469,0.0000000000
-1.0000000000,0.8018280343,10.0097756367,0.0000000000
-1.0000000000,0.2411300104,8.6139950401,0.0000000000
-1.0000000000,0.4561655227,10.3046049816,0.0000000000
-1.0000000000,0.3374539907,10.1879883532,0.0000000000
-1.0000000000,0.4278159532,9.9263266283,0.0000000000
-1.0000000000,0.7198318713,8.5118923809,0.0000000000
-1.0000000000,0.7293188277,11.7836722460,0.0000000000
-1.0000000000,0.9379574668,8.6935494766,0.0000000000
-1.0000000000,0.2082548608,10.4337901513,0.0000000000
-1.0000000000,0.4599033176,9.1785994348,0.0000000000
-1.0000000000,0.5337881762,11.0688372989,0.0000000000
-1.0000000000,0.4648230672,10.6510204349,0.0000000000
-1.0000000000,0.2108989282,9.2705778355,0.0000000000
-1.0000000000,0.4093504780,8.3560449060,0.0000000000
-1.0000000000,0.1123885067,9.4081972597,0.0000000000
-1.0000000000,0.7880425180,8.6719720809,0.0000000000
-1.0000000000,0.1974373642,11.8574118606,0.0000000000
-1.0000000000,0.7706954763,11.0378874900,0.0000000000
-1.0000000000,0.9515298398,11.4883044792,0.0000000000
-1.0000000000,0.9880172944,11.2915117912,0.0000000000
-1.0000000000,0.9248175536,10.9790585029,0.0000000000
-1.0000000000,0.0137016868,8.3585491902,0.0000000000
-1.0000000000,0.5328114688,10.6854010367,0.0000000000
-1.0000000000,0.5217346935,10.6897862297,0.0000000000
-1.0000000000,0.5683100545,10.5539587529,0.0000000000
-1.0000000000,0.4789306727,9.9123414041,0.0000000000
-1.0000000000,0.9993194432,9.4031122725,0.0000000000
-1.0000000000,0.6690491158,9.4883320398,0.0000000000
-1.0000000000,0.6479249891,10.9421470360,0.0000000000
-1.0000000000,0.1147974814,10.5268220458,0.0000000000
-1.0000000000,0.1689525399,11.7110802005,0.0000000000
-1.0000000000,0.8888377579,10.9883581838,0.0000000000
-1.0000000000,0.1034524313,11.2360177031,0.0000000000
-1.0000000000,0.9801863255,11.2529375172,0.0000000000
-1.0000000000,0.2042779263,8.5641673132,0.0000000000
-1.0000000000,0.1467388183,9.0505447480,0.0000000000
-1.0000000000,0.5329400276,10.7994967722,0.0000000000
-1.0000000000,0.1674638426,11.8957418604,0.0000000000
-1.0000000000,0.8069410580,11.3261499176,0.0000000000
-1.0000000000,0.8408278177,11.5116729157,0.0000000000
-1.0000000000,0.6866115165,10.5908644878,0.0000000000
-1.0000000000,0.8589989724,8.7235090708,0.0000000000
-1.0000000000,0.6483247456,9.7510307031,0.0000000000
-1.0000000000,0.7104386589,11.7843591832,0.0000000000
-1.0000000000,0.1174793371,10.5504564355,0.0000000000
-1.0000000000,0.5737589690,9.0045467354,0.0000000000
-1.0000000000,0.1715596987,8.4961381662,0.0000000000
-1.0000000000,0.1073897346,8.9722945446,0.0000000000
-1.0000000000,0.2534830503,8.8870971399,0.0000000000
-1.0000000000,0.4700696447,10.6453621571,0.0000000000
-1.0000000000,0.4361637927,11.6447465339,0.0000000000
-1.0000000000,0.5793903593,9.3990159442,0.0000000000
-1.0000000000,0.1605564555,8.7446465176,0.0000000000
-1.0000000000,0.8491985030,11.0221474413,0.0000000000
-1.0000000000,0.5129244194,8.5086036300,0.0000000000
-1.0000000000,0.8039913060,9.4996238033,0.0000000000
-1.0000000000,0.6418813202,8.1062874042,0.0000000000
-1.0000000000,0.6177510303,8.3916453513,0.0000000000
-1.0000000000,0.7604208041,9.5169737637,0.0000000000
-1.0000000000,0.7023362755,9.1118682135,0.0000000000
-1.0000000000,0.4678167599,9.0647437377,0.0000000000
-1.0000000000,0.1486135275,11.6071730846,0.0000000000
-1.0000000000,0.2727467176,11.4814692637,0.0000000000
-1.0000000000,0.7237022439,11.0890930176,0.0000000000
-1.0000000000,0.1500149838,11.1323763269,0.0000000000
-1.0000000000,0.2508221995,9.6202851964,0.0000000000
-1.0000000000,-0.2072766018,10.8321991789,0.0000000000
-1.0000000000,-0.2193854386,8.8890745714,0.0000000000
-1.0000000000,-0.3332409999,9.6743683593,0.0000000000
-1.0000000000,-0.0942187805,8.5872231091,0.0000000000
-1.0000000000,-0.9008656046,8.6838437460,0.0000000000
-1.0000000000,-0.4504094414,10.9043000389,0.0000000000
-1.0000000000,-0.5170701858,8.1481904980,0.0000000000
-1.0000000000,-0.5368711500,11.0373174910,0.0000000000
-1.0000000000,-0.4202055030,8.1828443448,0.0000000000
-1.0000000000,-0.7163233395,10.4561143155,0.0000000000
-1.0000000000,-0.5719140649,10.5163660542,0.0000000000
-1.0000000000,-0.0542522849,10.2974219793,0.0000000000
-1.0000000000,-0.7042420227,9.7260873175,0.0000000000
-1.0000000000,-0.7830711049,11.6278359260,0.0000000000
-1.0000000000,-0.2066176296,11.4676266626,0.0000000000
-1.0000000000,-0.2167581323,8.7656443851,0.0000000000
-1.0000000000,-0.4750272666,11.8775100104,0.0000000000
-1.0000000000,-0.6335995640,10.5219561626,0.0000000000
-1.0000000000,-0.2557361804,10.7920040400,0.0000000000
-1.0000000000,-0.4157127195,8.1584312424,0.0000000000
-1.0000000000,-0.5542659025,8.0759075940,0.0000000000
-1.0000000000,-0.4770951095,8.3543615757,0.0000000000
-1.0000000000,-0.2468266900,8.5899078114,0.0000000000
-1.0000000000,-0.1758454688,8.2939797557,0.0000000000
-1.0000000000,-0.1333541832,8.8929485477,0.0000000000
-1.0000000000,-0.2448440374,8.2908801552,0.0000000000
-1.0000000000,-0.9723186729,9.9193631625,0.0000000000
-1.0000000000,-0.0672705520,10.1467147048,0.0000000000
-1.0000000000,-0.9984540641,10.1715868070,0.0000000000
-1.0000000000,-0.1907469620,11.7146787333,0.0000000000
-1.0000000000,-0.2891984898,10.9457257235,0.0000000000
-1.0000000000,-0.8156348490,8.4029652123,0.0000000000
-1.0000000000,-0.0926242715,11.2172386875,0.0000000000
-1.0000000000,-0.9412578188,8.9841388444,0.0000000000
-1.0000000000,-0.0608589361,11.9513820963,0.0000000000
-1.0000000000,-0.5528591678,8.4384092337,0.0000000000
-1.0000000000,-0.2336469065,8.2084407345,0.0000000000
-1.0000000000,-0.1447382819,11.8825041387,0.0000000000
-1.0000000000,-0.1924023864,11.4849026453,0.0000000000
-1.0000000000,-0.7945079443,8.0941133447,0.0000000000
-1.0000000000,-0.5871432820,11.6674364694,0.0000000000
-1.0000000000,-0.8245499972,11.6890672869,0.0000000000
-1.0000000000,-0.6146691662,9.6834028385,0.0000000000
-1.0000000000,-0.7802258109,10.0632267278,0.0000000000
-1.0000000000,-0.4705841394,10.4473221480,0.0000000000
-1.0000000000,-0.5776277476,11.2574473461,0.0000000000
-1.0000000000,-0.1203545526,8.3221729601,0.0000000000
-1.0000000000,-0.3317809963,10.3248728637,0.0000000000
-1.0000000000,-0.5379240053,8.9083475097,0.0000000000
-1.0000000000,-0.1723420876,10.5766059262,0.0000000000
-1.0000000000,-0.5784196357,8.1185051890,0.0000000000
-1.0000000000,-0.9404094688,9.6485814029,0.0000000000
-1.0000000000,-0.2470053925,11.4832991392,0.0000000000
-1.0000000000,-0.9468998590,9.3496402111,0.0000000000
-1.0000000000,-0.5419003391,10.8596905231,0.0000000000
-1.0000000000,-0.5100762694,11.0103820063,0.0000000000
-1.0000000000,-0.0773683931,9.7022979830,0.0000000000
-1.0000000000,-0.6630052081,8.0975634681,0.0000000000
-1.0000000000,-0.7282386536,9.8176386209,0.0000000000
-1.0000000000,-0.8268735248,8.1272248859,0.0000000000
-1.0000000000,-0.1712442475,10.9524666707,0.0000000000
-1.0000000000,-0.2002978491,8.3860964582,0.0000000000
-1.0000000000,-0.9777378044,9.7795561055,0.0000000000
-1.0000000000,-0.5326798229,8.5731067754,0.0000000000
-1.0000000000,-0.5848789413,11.7089588962,0.0000000000
-1.0000000000,-0.1931088043,10.3220474972,0.0000000000
-1.0000000000,-0.2468977709,11.5596705269,0.0000000000
-1.0000000000,-0.5058866438,10.6819024614,0.0000000000
-1.0000000000,-0.2593467897,11.5430887165,0.0000000000
-1.0000000000,-0.2916652801,9.2998981847,0.0000000000
-1.0000000000,-0.1429906201,11.6595371937,0.0000000000
-1.0000000000,-0.2295921736,11.4451523868,0.0000000000
-1.0000000000,-0.6892295148,9.9211117812,0.0000000000
-1.0000000000,-0.3429465437,8.2371430934,0.0000000000
-1.0000000000,-0.9554515628,10.3702806752,0.0000000000
-1.0000000000,0.9237911696,-8.8482239958,0.0000000000
-1.0000000000,0.7755488728,-11.8558154986,0.0000000000
-1.0000000000,0.7983081736,-9.2652294696,0.0000000000
-1.0000000000,0.3981840596,-8.4603226225,0.0000000000
-1.0000000000,0.4650077646,-11.5462268046,0.0000000000
-1.0000000000,0.3595419023,-8.9739346681,0.0000000000
-1.0000000000,0.9818132344,-8.6354112800,0.0000000000
-1.0000000000,0.8472523825,-11.8329089444,0.0000000000
-1.0000000000,0.4980637653,-11.7163131740,0.0000000000
-1.0000000000,0.6825319056,-9.6272444472,0.0000000000
-1.0000000000,0.5150485668,-8.6193182522,0.0000000000
-1.0000000000,0.7539900899,-8.7092409532,0.0000000000
-1.0000000000,0.3259123815,-9.7955983482,0.0000000000
-1.0000000000,0.3459437672,-8.9626049407,0.0000000000
-1.0000000000,0.0534511443,-8.1534010275,0.0000000000
-1.0000000000,0.1087518391,-10.9608289969,0.0000000000
-1.0000000000,0.2845100180,-11.1150338838,0.0000000000
-1.0000000000,0.3116055624,-11.5282030144,0.0000000000
-1.0000000000,0.6600719087,-11.4017370574,0.0000000000
-1.0000000000,0.2695704513,-11.1438015910,0.0000000000
-1.0000000000,0.7444923350,-10.1853106752,0.0000000000
-1.0000000000,0.6331703132,-8.1794278131,0.0000000000
-1.0000000000,0.4722482554,-10.0467306939,0.0000000000
-1.0000000000,0.4521445767,-8.1501121646,0.0000000000
-1.0000000000,0.0627563184,-9.8852678590,0.0000000000
-1.0000000000,0.8710200069,-11.1158476012,0.0000000000
-1.0000000000,0.8665658324,-10.3478025851,0.0000000000
-1.0000000000,0.9717483662,-8.6831073939,0.0000000000
-1.0000000000,0.1061260591,-11.3090582260,0.0000000000
-1.0000000000,0.9940937990,-10.2812612527,0.0000000000
-1.0000000000,0.3652467379,-10.7064997446,0.0000000000
-1.0000000000,0.4379237525,-10.2959411035,0.0000000000
-1.0000000000,0.8505741482,-11.8728661031,0.0000000000
-1.0000000000,0.3019127597,-8.3267215642,0.0000000000
-1.0000000000,0.4380410518,-9.2233428009,0.0000000000
-1.0000000000,0.4735164099,-10.6280681801,0.0000000000
-1.0000000000,0.2398385261,-8.4773471477,0.0000000000
-1.0000000000,0.9219150086,-11.9840838721,0.0000000000
-1.0000000000,0.8783515613,-9.4652036119,0.0000000000
-1.0000000000,0.6589876899,-10.0752765403,0.0000000000
-1.0000000000,0.7949362938,-8.2242202861,0.0000000000
-1.0000000000,0.4249906584,-11.1083952817,0.0000000000
-1.0000000000,0.5727261953,-10.1817757889,0.0000000000
-1.0000000000,0.6295184580,-10.4982168555,0.0000000000
-1.0000000000,0.9223116226,-10.1379212031,0.0000000000
-1.0000000000,0.8633841148,-9.7536461581,0.0000000000
-1.0000000000,0.4157166905,-9.1294097928,0.0000000000
-1.0000000000,0.0318888899,-9.8955368285,0.0000000000
-1.0000000000,0.7742883159,-11.7037128378,0.0000000000
-1.0000000000,0.0576267117,-8.4647049434,0.0000000000
-1.0000000000,0.0786503677,-11.2391012314,0.0000000000
-1.0000000000,0.9500057488,-8.5847063875,0.0000000000
-1.0000000000,0.9602002996,-11.5363326337,0.0000000000
-1.0000000000,0.2873617427,-11.7844306265,0.0000000000
-1.0000000000,0.6462216734,-11.5689947748,0.0000000000
-1.0000000000,0.9765153700,-8.4629747682,0.0000000000
-1.0000000000,0.3835343634,-11.9668122377,0.0000000000
-1.0000000000,0.2519772366,-10.9333823510,0.0000000000
-1.0000000000,0.9346680690,-9.8315980132,0.0000000000
-1.0000000000,0.2215672813,-9.3135972087,0.0000000000
-1.0000000000,0.4949937182,-11.9171200694,0.0000000000
-1.0000000000,0.2972825112,-9.4643202679,0.0000000000
-1.0000000000,0.7231169879,-9.6701121446,0.0000000000
-1.0000000000,0.8806191481,-10.6526220766,0.0000000000
-1.0000000000,0.8819334383,-10.2421675791,0.0000000000
-1.0000000000,0.4828564569,-11.6585457208,0.0000000000
-1.0000000000,0.1194279685,-8.2129053966,0.0000000000
-1.0000000000,0.9945467513,-11.3321223432,0.0000000000
-1.0000000000,0.9620013652,-10.6488136774,0.0000000000
-1.0000000000,0.3154570889,-11.0845999523,0.0000000000
-1.0000000000,0.6641099738,-8.3783866909,0.0000000000
-1.0000000000,0.9982115331,-8.5447482237,0.0000000000
-1.0000000000,0.6257431058,-8.0453010251,0.0000000000
-1.0000000000,0.6395548760,-10.0589821508,0.0000000000
-1.0000000000,0.7625551297,-10.3319744336,0.0000000000
-1.0000000000,-0.3408714563,-11.3926575992,0.0000000000
-1.0000000000,-0.2911649217,-8.3605906142,0.0000000000
-1.0000000000,-0.3320845094,-8.4950008978,0.0000000000
-1.0000000000,-0.2229155944,-11.9545222723,0.0000000000
-1.0000000000,-0.4303957110,-8.8363817096,0.0000000000
-1.0000000000,-0.9562065488,-11.4238973458,0.0000000000
-1.0000000000,-0.8446563094,-9.6273994722,0.0000000000
-1.0000000000,-0.3198692934,-8.2865980376,0.0000000000
-1.0000000000,-0.5589696982,-10.6533133870,0.0000000000
-1.0000000000,-0.6827906600,-11.1783274862,0.0000000000
-1.0000000000,-0.7740281233,-8.4935589883,0.0000000000
-1.0000000000,-0.9256234258,-8.4554751343,0.0000000000
-1.0000000000,-0.9710581588,-8.2569975220,0.0000000000
-1.0000000000,-0.5485675540,-9.3963586919,0.0000000000
-1.0000000000,-0.8272955699,-8.3039401619,0.0000000000
-1.0000000000,-0.4038324403,-9.6583452573,0.0000000000
-1.0000000000,-0.1128863294,-10.7730177144,0.0000000000
-1.0000000000,-0.7418494927,-10.4181459175,0.0000000000
-1.0000000000,-0.8202392190,-11.5475316153,0.0000000000
-1.0000000000,-0.4291706666,-9.7163352291,0.0000000000
-1.0000000000,-0.7640724087,-8.4152105964,0.0000000000
-1.0000000000,-0.9482368355,-8.3792005264,0.0000000000
-1.0000000000,-0.2689741883,-8.3207651093,0.0000000000
-1.0000000000,-0.2312917872,-9.7586708387,0.0000000000
-1.0000000000,-0.3716455291,-10.1306671685,0.0000000000
-1.0000000000,-0.8722927131,-8.2748670335,0.0000000000
-1.0000000000,-0.8733777515,-8.2746563884,0.0000000000
-1.0000000000,-0.2763874687,-10.3033067547,0.0000000000
-1.0000000000,-0.1911301777,-8.3507412874,0.0000000000
-1.0000000000,-0.8087026665,-9.4174223275,0.0000000000
-1.0000000000,-0.7932196376,-11.4723309666,0.0000000000
-1.0000000000,-0.5818363863,-9.8210024504,0.0000000000
-1.0000000000,-0.9842382243,-9.9567348041,0.0000000000
-1.0000000000,-0.3205597280,-9.9760491293,0.0000000000
-1.0000000000,-0.4636714991,-11.2292037222,0.0000000000
-1.0000000000,-0.3214446961,-11.5764777955,0.0000000000
-1.0000000000,-0.0624022940,-10.8988604864,0.0000000000
-1.0000000000,-0.5002307047,-8.8975746987,0.0000000000
-1.0000000000,-0.1246756279,-9.4727539564,0.0000000000
-1.0000000000,-0.8292950902,-10.2968718863,0.0000000000
-1.0000000000,-0.7844299031,-11.5614138730,0.0000000000
-1.0000000000,-0.1982668260,-8.7190588739,0.0000000000
-1.0000000000,-0.7069459353,-9.5469469243,0.0000000000
-1.0000000000,-0.0694611431,-10.2764724531,0.0000000000
-1.0000000000,-0.9734496744,-10.1913132958,0.0000000000
-1.0000000000,-0.8982952722,-11.4808974731,0.0000000000
-1.0000000000,-0.2906154328,-8.4307898909,0.0000000000
-1.0000000000,-0.6317467927,-10.0820849965,0.0000000000
-1.0000000000,-0.4306566370,-9.1949783097,0.0000000000
-1.0000000000,-0.8488641539,-10.5665336428,0.0000000000
-1.0000000000,-0.1378619835,-8.2976979368,0.0000000000
-1.0000000000,-0.3715210241,-8.2734264641,0.0000000000
-1.0000000000,-0.6901419701,-9.9910151055,0.0000000000
-1.0000000000,-0.8548056602,-10.9127315397,0.0000000000
-1.0000000000,-0.3339417974,-11.4032353202,0.0000000000
-1.0000000000,-0.9717759399,-10.1475599757,0.0000000000
-1.0000000000,-0.0865412853,-8.7250398115,0.0000000000
-1.0000000000,-0.4947899990,-9.5623127826,0.0000000000
-1.0000000000,-0.2348386306,-11.3883386163,0.0000000000
-1.0000000000,-0.0737944840,-8.1563885998,0.0000000000
-1.0000000000,-0.5714797206,-10.0330568680,0.0000000000
-1.0000000000,-0.6615507775,-9.4557540662,0.0000000000
-1.0000000000,-0.2394063966,-11.7579297442,0.0000000000
-1.0000000000,-0.8798438430,-10.0406644033,0.0000000000
-1.0000000000,-0.1751415976,-11.8104964611,0.0000000000
-1.0000000000,-0.4666217270,-10.8408091678,0.0000000000
-1.0000000000,-0.0048456082,-8.5908911280,0.0000000000
-1.0000000000,-0.4063355047,-9.4268367942,0.0000000000
-1.0000000000,-0.1079946858,-11.3653348729,0.0000000000
-1.0000000000,-0.0593373269,-8.4093062838,0.0000000000
-1.0000000000,-0.3905590081,-9.0109767342,0.0000000000
-1.0000000000,-0.8547306505,-11.3828158880,0.0000000000
-1.0000000000,-0.9809268106,-8.9815469353,0.0000000000
-1.0000000000,-0.6010982218,-11.5658722298,0.0000000000
-1.0000000000,-0.3156654883,-8.0980463337,0.0000000000
-1.0000000000,0.1778558168,-6.4222096145,0.0000000000
-1.0000000000,1.7181725804,-7.8046027925,0.0000000000
-1.0000000000,1.2510945482,-6.7447142105,0.0000000000
-1.0000000000,0.6856103525,-7.2391242730,0.0000000000
-1.0000000000,1.5913431418,-6.2691413290,0.0000000000
-1.0000000000,0.2731663107,-6.2686427291,0.0000000000
-1.0000000000,1.5815225212,-4.6563124374,0.0000000000
-1.0000000000,1.5991003809,-5.9897856353,0.0000000000
-1.0000000000,0.8058432533,-7.0743884053,0.0000000000
-1.0000000000,1.9741813861,-4.7318508985,0.0000000000
-1.0000000000,1.8852945177,-5.4813789233,0.0000000000
-1.0000000000,0.5346263053,-7.5674813428,0.0000000000
-1.0000000000,0.2128314159,-6.6394319499,0.0000000000
-1.0000000000,0.5084142267,-4.7046742490,0.0000000000
-1.0000000000,0.5010979265,-6.0472781667,0.0000000000
-1.0000000000,0.1122327947,-4.5270694604,0.0000000000
-1.0000000000,1.9033298884,-4.1339726147,0.0000000000
-1.0000000000,1.3457983135,-6.7741813959,0.0000000000
-1.0000000000,0.5576535998,-6.6707107546,0.0000000000
-1.0000000000,0.8056381218,-6.9030302238,0.0000000000
-1.0000000000,1.2263217236,-4.9857315721,0.0000000000
-1.0000000000,0.5663033178,-7.1463071569,0.0000000000
-1.0000000000,1.2488141329,-6.2727734709,0.0000000000
-1.0000000000,0.5026574066,-6.0183941878,0.0000000000
-1.0000000000,0.5731731966,-7.9298136437,0.0000000000
-1.0000000000,0.5213257259,-6.5600291028,0.0000000000
-1.0000000000,1.3708498007,-5.3780249531,0.0000000000
-1.0000000000,0.8318277334,-4.9110355178,0.0000000000
-1.0000000000,1.8517822393,-5.9790881477,0.0000000000
-1.0000000000,0.2347012487,-4.2481111889,0.0000000000
-1.0000000000,1.2055144747,-4.2436015468,0.0000000000
-1.0000000000,1.9556456751,-5.3062558864,0.0000000000
-1.0000000000,0.9180627343,-4.4707962208,0.0000000000
-1.0000000000,1.5471194407,-5.4446208810,0.0000000000
-1.0000000000,0.8819466020,-5.7207884758,0.0000000000
-1.0000000000,0.7929236404,-5.5558361614,0.0000000000
-1.0000000000,0.7433948582,-6.5372520686,0.0000000000
-1.0000000000,1.3892641794,-6.7443425047,0.0000000000
-1.0000000000,0.6007652031,-7.3062679436,0.0000000000
-1.0000000000,1.8283859393,-4.1673234836,0.0000000000
-1.0000000000,0.3295510278,-5.7251301651,0.0000000000
-1.0000000000,1.5442618449,-5.3128267055,0.0000000000
-1.0000000000,0.4989406398,-6.3220394978,0.0000000000
-1.0000000000,1.8032695112,-5.7645008602,0.0000000000
-1.0000000000,0.4102801206,-6.7263338340,0.0000000000
-1.0000000000,0.4270200204,-4.5701737258,0.0000000000
-1.0000000000,0.6769322246,-6.7968584296,0.0000000000
-1.0000000000,1.5536531617,-4.6285567805,0.0000000000
-1.0000000000,0.4360875657,-4.6621898754,0.0000000000
-1.0000000000,0.0581421596,-4.8691732264,0.0000000000
-1.0000000000,1.7065655950,-5.5507804144,0.0000000000
-1.0000000000,0.7294807481,-5.7064168117,0.0000000000
-1.0000000000,0.6383712536,-4.0118066470,0.0000000000
-1.0000000000,0.9344088113,-4.7487867698,0.0000000000
-1.0000000000,0.4138650323,-5.3329591971,0.0000000000
-1.0000000000,1.7589820518,-4.8346417066,0.0000000000
-1.0000000000,1.9991069853,-6.1465799492,0.0000000000
-1.0000000000,0.7122195910,-7.7576533889,0.0000000000
-1.0000000000,1.1295519158,-7.2768280076,0.0000000000
-1.0000000000,0.3481947616,-4.6856392565,0.0000000000
-1.0000000000,0.0927369292,-4.4413977213,0.0000000000
-1.0000000000,0.5656297461,-7.6264717144,0.0000000000
-1.0000000000,0.8197141139,-6.2004032425,0.0000000000
-1.0000000000,1.6464368841,-5.8229294424,0.0000000000
-1.0000000000,1.2400324148,-7.1097342389,0.0000000000
-1.0000000000,1.2098657127,-6.4384937650,0.0000000000
-1.0000000000,1.3296727430,-7.7193949627,0.0000000000
-1.0000000000,1.9905950324,-6.8117687357,0.0000000000
-1.0000000000,1.8104625727,-7.5673351924,0.0000000000
-1.0000000000,0.4797399268,-4.5986085305,0.0000000000
-1.0000000000,1.3499911383,-7.6371174125,0.0000000000
-1.0000000000,1.1453232066,-4.2999181822,0.0000000000
-1.0000000000,0.8099704828,-7.4115035750,0.0000000000
-1.0000000000,1.8802647361,-5.9895779826,0.0000000000
-1.0000000000,0.7009292643,-7.1398903615,0.0000000000
-1.0000000000,0.8325856701,-5.0867872573,0.0000000000
-1.0000000000,1.3019722881,-4.2282512507,0.0000000000
-1.0000000000,0.2661170723,-7.0804170743,0.0000000000
-1.0000000000,1.0055341418,-6.1750534180,0.0000000000
-1.0000000000,1.8545817488,-7.9794727372,0.0000000000
-1.0000000000,0.5605085028,-7.2546292808,0.0000000000
-1.0000000000,0.0097673410,-4.9259380541,0.0000000000
-1.0000000000,0.2910680229,-4.4795640189,0.0000000000
-1.0000000000,1.2784101116,-6.9254655318,0.0000000000
-1.0000000000,0.3508837159,-5.8400278700,0.0000000000
-1.0000000000,0.7450225278,-4.6205703398,0.0000000000
-1.0000000000,0.3388717612,-6.2594894635,0.0000000000
-1.0000000000,0.3244292079,-6.3168104017,0.0000000000
-1.0000000000,1.6541963226,-6.8128687334,0.0000000000
-1.0000000000,1.3518290722,-7.8825859084,0.0000000000
-1.0000000000,0.2157772036,-7.8377014553,0.0000000000
-1.0000000000,0.1408770303,-7.1104611130,0.0000000000
-1.0000000000,0.4803040832,-6.9694162815,0.0000000000
-1.0000000000,1.1878572109,-6.0212311865,0.0000000000
-1.0000000000,0.1642283740,-4.6243070024,0.0000000000
-1.0000000000,0.5844387067,-4.3999437079,0.0000000000
-1.0000000000,1.2741978836,-4.8403815358,0.0000000000
-1.0000000000,1.5871281019,-5.8761115106,0.0000000000
-1.0000000000,1.6552130741,-4.7517715054,0.0000000000
-1.0000000000,0.6997731537,-5.9723674730,0.0000000000
-1.0000000000,0.1168393878,-4.0765877276,0.0000000000
-1.0000000000,1.4869548612,-4.0163637292,0.0000000000
-1.0000000000,1.9939868208,-7.2772956755,0.0000000000
-1.0000000000,0.1595468401,-6.7100079005,0.0000000000
-1.0000000000,0.8457977001,-7.0069175960,0.0000000000
-1.0000000000,1.6596257110,-6.8049090923,0.0000000000
-1.0000000000,1.8180172565,-7.0369986464,0.0000000000
-1.0000000000,1.1368184640,-5.2592660632,0.0000000000
-1.0000000000,1.5569938261,-7.0293300291,0.0000000000
-1.0000000000,1.0670593590,-6.7601123608,0.0000000000
-1.0000000000,0.7132740291,-6.6241969550,0.0000000000
-1.0000000000,0.6518747699,-4.3321767689,0.0000000000
-1.0000000000,1.9000606535,-7.9422449937,0.0000000000
-1.0000000000,0.8951970898,-4.1892597873,0.0000000000
-1.0000000000,1.2035233407,-5.2224762428,0.0000000000
-1.0000000000,1.6424283217,-5.2686843373,0.0000000000
-1.0000000000,1.3395151946,-4.5178049065,0.0000000000
-1.0000000000,1.9540926871,-5.9647697786,0.0000000000
-1.0000000000,0.0601019837,-5.1030646491,0.0000000000
-1.0000000000,1.7633735796,-6.8169737777,0.0000000000
-1.0000000000,1.9258158923,-4.4013604368,0.0000000000
-1.0000000000,1.8594901962,-4.5354217569,0.0000000000
-1.0000000000,1.5009976208,-4.7098254853,0.0000000000
-1.0000000000,0.6339848823,-5.6261780469,0.0000000000
-1.0000000000,0.9053280388,-7.9218774241,0.0000000000
-1.0000000000,1.6337320571,-6.1928145374,0.0000000000
-1.0000000000,1.4464667756,-5.3565044295,0.0000000000
-1.0000000000,0.0544245059,-4.5712163439,0.0000000000
-1.0000000000,1.9766901272,-6.7839290118,0.0000000000
-1.0000000000,0.5383809244,-7.1788168947,0.0000000000
-1.0000000000,1.1748460066,-6.5236541086,0.0000000000
-1.0000000000,1.3979342385,-4.0708734560,0.0000000000
-1.0000000000,0.8731115118,-5.8411625283,0.0000000000
-1.0000000000,0.5824439467,-7.0160943529,0.0000000000
-1.0000000000,1.7096477611,-7.2106500291,0.0000000000
-1.0000000000,1.6492483801,-7.6452376317,0.0000000000
-1.0000000000,1.5557949204,-7.9613749159,0.0000000000
-1.0000000000,0.9318625361,-6.5284080319,0.0000000000
-1.0000000000,0.6846360937,-7.3126552832,0.0000000000
-1.0000000000,1.4316345651,-7.5388199867,0.0000000000
-1.0000000000,1.3000033474,-4.8505509902,0.0000000000
-1.0000000000,0.0402446837,-7.3432116792,0.0000000000
-1.0000000000,1.8360391366,-6.2235010902,0.0000000000
-1.0000000000,1.0936943369,-7.7302356578,0.0000000000
-1.0000000000,0.4471811891,-6.1797902883,0.0000000000
-1.0000000000,1.7262986628,-7.3362177219,0.0000000000
-1.0000000000,0.2915142690,-6.3486479422,0.0000000000
-1.0000000000,1.5849998342,-4.7870217201,0.0000000000
-1.0000000000,1.6492760500,-4.4131809719,0.0000000000
-1.0000000000,1.8930280647,-5.9540046317,0.0000000000
1.0000000000,-0.5379267002,6.8973554229,0.0000000000
1.0000000000,-1.6239394162,5.9581429277,0.0000000000
1.0000000000,-0.9631522073,5.5626124345,0.0000000000
1.0000000000,-1.8883046288,6.0095825037,0.0000000000
1.0000000000,-0.8067785903,4.7341948319,0.0000000000
1.0000000000,-0.9727852872,5.7622208519,0.0000000000
1.0000000000,-1.2139641396,5.4170951865,0.0000000000
1.0000000000,-1.7548620204,6.3333172431,0.0000000000
1.0000000000,-0.1981798747,5.1664028526,0.0000000000
1.0000000000,-1.2419847433,4.9599731316,0.0000000000
1.0000000000,-0.8156462580,5.2044488072,0.0000000000
1.0000000000,-1.4134384095,4.4374896775,0.0000000000
1.0000000000,-0.1921114260,5.6510099855,0.0000000000
1.0000000000,-0.4620347857,6.7759718097,0.0000000000
1.0000000000,-1.9306461005,7.3413161422,0.0000000000
1.0000000000,-0.8838892713,4.8995090687,0.0000000000
1.0000000000,-0.2384254513,7.4785430257,0.0000000000
1.0000000000,-0.9531167893,7.4331139673,0.0000000000
1.0000000000,-1.7045577055,4.4216004715,0.0000000000
1.0000000000,-0.9552245456,5.1059339210,0.0000000000
1.0000000000,-1.9242116659,6.7545923937,0.0000000000
1.0000000000,-1.8020189055,6.7113929942,0.0000000000
1.0000000000,-1.4065301095,7.6866038824,0.0000000000
1.0000000000,-0.5538208977,4.3266445198,0.0000000000
1.0000000000,-1.5036451388,5.1747670163,0.0000000000
1.0000000000,-0.2309178198,4.2767813552,0.0000000000
1.0000000000,-0.5570709162,6.6428478167,0.0000000000
1.0000000000,-1.5771965009,6.9430715452,0.0000000000
1.0000000000,-1.7371006552,5.6834901211,0.0000000000
1.0000000000,-1.4522411023,6.7850942630,0.0000000000
1.0000000000,-0.9951363636,5.7865184042,0.0000000000
1.0000000000,-1.7887669709,4.2604840492,0.0000000000
1.0000000000,-0.9686909641,4.2603964660,0.0000000000
1.0000000000,-1.2833816062,7.8865084438,0.0000000000
1.0000000000,-1.0173697189,6.2374597815,0.0000000000
1.0000000000,-1.8052716608,6.7203106993,0.0000000000
1.0000000000,-0.7025520786,6.6425521367,0.0000000000
1.0000000000,-1.7166245629,4.5181019950,0.0000000000
1.0000000000,-0.5081516723,5.3988080874,0.0000000000
1.0000000000,-0.6258299427,6.8149277836,0.0000000000
1.0000000000,-1.7056794260,7.4820287859,0.0000000000
1.0000000000,-0.1949582017,7.3525824693,0.0000000000
1.0000000000,-0.2596196860,6.6345536259,0.0000000000
1.0000000000,-1.4198765473,6.1170377871,0.0000000000
1.0000000000,-0.1059101244,6.8614628421,0.0000000000
1.0000000000,-1.9157310230,4.6920580204,0.0000000000
1.0000000000,-1.7570041497,6.6719441747,0.0000000000
1.0000000000,-1.7480556427,4.3563416210,0.0000000000
1.0000000000,-1.0342973832,7.6857412483,0.0000000000
1.0000000000,-1.8494514862,7.5001187000,0.0000000000
1.0000000000,-0.1276763060,5.5355188504,0.0000000000
1.0000000000,-1.5971682165,7.7555292574,0.0000000000
1.0000000000,-1.8348430996,5.0121976952,0.0000000000
1.0000000000,-1.8638051176,4.3211413257,0.0000000000
1.0000000000,-1.4521910887,4.2746127983,0.0000000000
1.0000000000,-0.8121441741,6.1622950401,0.0000000000
1.0000000000,-1.2024479318,6.6257048813,0.0000000000
1.0000000000,-1.7411773967,6.3754748818,0.0000000000
1.0000000000,-0.8026418627,4.3435978387,0.0000000000
1.0000000000,-0.8370968595,7.6168693950,0.0000000000
1.0000000000,-0.8205700722,7.0186453193,0.0000000000
1.0000000000,-1.1593772735,4.9592866163,0.0000000000
1.0000000000,-1.2268742215,5.1201701251,0.0000000000
1.0000000000,-0.4893074863,6.7149406048,0.0000000000
1.0000000000,-0.2653818633,5.6832640480,0.0000000000
1.0000000000,-1.2493186142,5.8472419289,0.0000000000
1.0000000000,-1.7510508341,4.7404428764,0.0000000000
1.0000000000,-0.2675856287,4.7220022681,0.0000000000
1.0000000000,-1.4007125238,5.2838614800,0.0000000000
1.0000000000,-1.4741065447,7.0442408151,0.0000000000
1.0000000000,-0.9095991834,7.3796329263,0.0000000000
1.0000000000,-1.7325702109,7.1821399075,0.0000000000
1.0000000000,-1.2838928563,4.7438915236,0.0000000000
1.0000000000,-0.2522839963,6.7742390605,0.0000000000
1.0000000000,-1.1788651858,6.4016623126,0.0000000000
1.0000000000,-0.2325549547,6.2320853590,0.0000000000
1.0000000000,-1.2335624234,4.8866935205,0.0000000000
1.0000000000,-0.7799526073,7.3173974765,0.0000000000
1.0000000000,-0.3696459843,6.1716123157,0.0000000000
1.0000000000,-0.2799872322,7.5662451081,0.0000000000
1.0000000000,-1.2016321739,7.9960632785,0.0000000000
1.0000000000,-1.3179461678,6.4332613698,0.0000000000
1.0000000000,-1.1600917869,5.3227226437,0.0000000000
1.0000000000,-1.6000313818,4.5332025915,0.0000000000
1.0000000000,-1.8922838527,5.3677835342,0.0000000000
1.0000000000,-0.5578467087,4.8360429578,0.0000000000
1.0000000000,-1.5503666175,6.2283485031,0.0000000000
1.0000000000,-1.0788778615,7.5809385938,0.0000000000
1.0000000000,-0.4454501076,4.2999947505,0.0000000000
1.0000000000,-0.9705400065,5.2395647195,0.0000000000
1.0000000000,-1.8031147500,5.1160110195,0.0000000000
1.0000000000,-0.9747476938,7.9837840570,0.0000000000
1.0000000000,-0.3171776683,4.0770221487,0.0000000000
1.0000000000,-1.6225170382,7.3323450538,0.0000000000
1.0000000000,-0.1949628034,6.1756391903,0.0000000000
1.0000000000,-1.4087214075,5.0119210092,0.0000000000
1.0000000000,-0.9067740569,6.3875596943,0.0000000000
1.0000000000,-1.0975614646,7.4710297930,0.0000000000
1.0000000000,-1.0073068071,7.5671899393,0.0000000000
1.0000000000,-1.3330737775,5.3617443929,0.0000000000
1.0000000000,-1.0604889110,4.4484684040,0.0000000000
1.0000000000,-0.2976528989,7.2694975067,0.0000000000
1.0000000000,-0.2780655650,6.3771669186,0.0000000000
1.0000000000,-1.6196383146,7.4324622011,0.0000000000
1.0000000000,-0.9614335122,6.4053381083,0.0000000000
1.0000000000,-1.4074719908,7.6279962127,0.0000000000
1.0000000000,-0.1890022046,4.1080386352,0.0000000000
1.0000000000,-1.6052630640,6.3378895923,0.0000000000
1.0000000000,-1.3429221639,4.1081801226,0.0000000000
1.0000000000,-1.6602961073,4.3385251541,0.0000000000
1.0000000000,-1.2144924426,5.1584471579,0.0000000000
1.0000000000,-1.3535851016,7.6606312930,0.0000000000
1.0000000000,-0.0905769300,5.6710447130,0.0000000000
1.0000000000,-0.9984235727,4.6763952155,0.0000000000
1.0000000000,-1.6706179856,5.6666842954,0.0000000000
1.0000000000,-1.5229305142,4.4869594630,0.0000000000
1.0000000000,-1.4221325965,4.5505291664,0.0000000000
1.0000000000,-0.2866491174,5.9722787301,0.0000000000
1.0000000000,-0.8873674975,7.9896147086,0.0000000000
1.0000000000,-0.1571785445,5.0347967935,0.0000000000
1.0000000000,-1.0830885604,6.5202026822,0.0000000000
1.0000000000,-0.8701230405,5.9581750627,0.0000000000
1.0000000000,-1.3376292963,4.4647106382,0.0000000000
1.0000000000,-0.9354259171,4.5307692815,0.0000000000
1.0000000000,-1.8265586788,4.0805673073,0.0000000000
1.0000000000,-1.4162862946,7.7103581084,0.0000000000
1.0000000000,-1.5262416662,6.6564862326,0.0000000000
1.0000000000,-1.9789988424,4.6793811742,0.0000000000
1.0000000000,-0.0352218606,5.5058174668,0.0000000000
1.0000000000,-0.3759464348,4.3356552715,0.0000000000
1.0000000000,-1.4916839732,7.4183302166,0.0000000000
1.0000000000,-1.3821452369,6.4079325258,0.0000000000
1.0000000000,-0.4349302331,5.0214205727,0.0000000000
1.0000000000,-1.9712800491,7.6957738876,0.0000000000
1.0000000000,-1.8241427373,5.6127208879,0.0000000000
1.0000000000,-1.4071747822,4.9138832395,0.0000000000
1.0000000000,-0.9865563943,7.4223403716,0.0000000000
1.0000000000,-0.5091465609,5.3116676974,0.0000000000
1.0000000000,-0.9334277891,6.2837735088,0.0000000000
1.0000000000,-0.1961641507,7.8787440358,0.0000000000
1.0000000000,-1.4606919089,6.0148021866,0.0000000000
1.0000000000,-0.7046894791,4.2189001682,0.0000000000
1.0000000000,-1.2968916492,5.3042357925,0.0000000000
1.0000000000,-0.4765326692,4.2663130443,0.0000000000
1.0000000000,-0.2417950080,4.5966466997,0.0000000000
1.0000000000,-1.3473851277,4.1946921583,0.0000000000
1.0000000000,-0.3289273490,5.1435657114,0.0000000000
1.0000000000,-1.8821999791,6.9057598602,0.0000000000
1.0000000000,-0.5618046716,4.1482794065,0.0000000000
1.0000000000,-0.1717718160,4.0530178954,0.0000000000
1.0000000000,0.0024476895,11.0167134844,0.0000000000
1.0000000000,0.2649507548,8.5969682314,0.0000000000
1.0000000000,0.5302856339,8.9891987296,0.0000000000
1.0000000000,0.0257907227,10.5408646195,0.0000000000
1.0000000000,0.1304726861,8.6541295189,0.0000000000
1.0000000000,0.6056266203,9.5972360097,0.0000000000
1.0000000000,0.0881229107,11.5392536941,0.0000000000
1.0000000000,0.7014907449,8.3724872436,0.0000000000
1.0000000000,0.8146687642,9.1421561114,0.0000000000
1.0000000000,0.8346897790,11.3762465783,0.0000000000
1.0000000000,0.7318905640,8.3123310622,0.0000000000
1.0000000000,0.4714980555,10.5393513402,0.0000000000
1.0000000000,0.4578761765,10.7276810193,0.0000000000
1.0000000000,0.2651168760,11.2435721409,0.0000000000
1.0000000000,0.2581365216,10.6117892111,0.0000000000
1.0000000000,0.2457595985,10.9271642897,0.0000000000
1.0000000000,0.2520177017,10.0777560270,0.0000000000
1.0000000000,0.6506222259,8.2235154045,0.0000000000
1.0000000000,0.3301623119,10.1663345104,0.0000000000
1.0000000000,0.5830869340,10.1232702140,0.0000000000
1.0000000000,0.6545447500,9.2574143438,0.0000000000
1.0000000000,0.9202497698,10.4036598661,0.0000000000
1.0000000000,0.6685339309,10.9321135273,0.0000000000
1.0000000000,0.1023074474,11.6586316299,0.0000000000
1.0000000000,0.0594078295,10.1651191311,0.0000000000
1.0000000000,0.3803937908,9.3887172314,0.0000000000
1.0000000000,0.1847979311,8.2091412395,0.0000000000
1.0000000000,0.1305466982,10.5177866783,0.0000000000
1.0000000000,0.4862910810,10.1323636801,0.0000000000
1.0000000000,0.4323835364,8.1774770437,0.0000000000
1.0000000000,0.4079790226,10.5311756619,0.0000000000
1.0000000000,0.7117485345,10.5882896770,0.0000000000
1.0000000000,0.8711928891,8.9675319223,0.0000000000
1.0000000000,0.5751310901,8.2284829504,0.0000000000
1.0000000000,0.1322723402,11.5916306856,0.0000000000
1.0000000000,0.1400153374,9.5446526697,0.0000000000
1.0000000000,0.1391595912,10.1635023881,0.0000000000
1.0000000000,0.4982753029,11.2058424547,0.0000000000
1.0000000000,0.3976910970,8.3730831201,0.0000000000
1.0000000000,0.1110536116,11.0573162832,0.0000000000
1.0000000000,0.8933931462,8.5110170196,0.0000000000
1.0000000000,0.5857145782,10.7836904663,0.0000000000
1.0000000000,0.9580948349,8.9040158545,0.0000000000
1.0000000000,0.3759499672,10.0063362727,0.0000000000
1.0000000000,0.6929198391,10.8697324642,0.0000000000
1.0000000000,0.1958547594,9.5145225583,0.0000000000
1.0000000000,0.2055003648,8.0338655635,0.0000000000
1.0000000000,0.2007602107,9.1407805996,0.0000000000
1.0000000000,0.5755337090,10.1105446708,0.0000000000
1.0000000000,0.1196961891,8.2347653018,0.0000000000
1.0000000000,0.9059240701,10.4867737708,0.0000000000
1.0000000000,0.3559565639,9.8419001074,0.0000000000
1.0000000000,0.1775653681,9.8879848116,0.0000000000
1.0000000000,0.3321078059,8.0225265083,0.0000000000
1.0000000000,0.4901537603,11.0353264216,0.0000000000
1.0000000000,0.2286797887,8.2189637515,0.0000000000
1.0000000000,0.0786048580,10.9408771365,0.0000000000
1.0000000000,0.5615389630,8.9190759948,0.0000000000
1.0000000000,0.2693209918,11.1992417850,0.0000000000
1.0000000000,0.6772672396,11.1416760887,0.0000000000
1.0000000000,0.4202755785,9.4561349367,0.0000000000
1.0000000000,0.9892334308,9.4467757087,0.0000000000
1.0000000000,0.9853918883,8.1298147486,0.0000000000
1.0000000000,0.2375218157,10.4143687067,0.0000000000
1.0000000000,0.4464530859,11.8150560468,0.0000000000
1.0000000000,0.5565982067,11.2008357756,0.0000000000
1.0000000000,0.2074009355,9.0247580186,0.0000000000
1.0000000000,0.1838626889,11.4442790074,0.0000000000
1.0000000000,0.9187378833,11.0469838980,0.0000000000
1.0000000000,0.2847922832,11.7259234865,0.0000000000
1.0000000000,0.7260208633,11.9712185010,0.0000000000
1.0000000000,0.9390615735,11.2053302830,0.0000000000
1.0000000000,0.3611428349,8.9839061490,0.0000000000
1.0000000000,0.2265878668,8.1224252942,0.0000000000
1.0000000000,0.8894939370,9.0111931303,0.0000000000
1.0000000000,-0.1552966470,8.5710318777,0.0000000000
1.0000000000,-0.1324819824,8.7688885142,0.0000000000
1.0000000000,-0.8581340281,9.7470727256,0.0000000000
1.0000000000,-0.2143992412,8.0558710857,0.0000000000
1.0000000000,-0.2184270457,9.1898680174,0.0000000000
1.0000000000,-0.1166629751,11.1952733583,0.0000000000
1.0000000000,-0.5765203698,9.4567217683,0.0000000000
1.0000000000,-0.9637127761,9.7626982447,0.0000000000
1.0000000000,-0.4854186113,11.6283996540,0.0000000000
1.0000000000,-0.3577305366,8.8283705486,0.0000000000
1.0000000000,-0.6394241563,9.4387214080,0.0000000000
1.0000000000,-0.6968515033,8.4292468151,0.0000000000
1.0000000000,-0.1326138397,8.0453685217,0.0000000000
1.0000000000,-0.0336830182,10.7392437581,0.0000000000
1.0000000000,-0.2450765678,9.8570168521,0.0000000000
1.0000000000,-0.5765118130,10.5690906948,0.0000000000
1.0000000000,-0.2142493924,10.7793989790,0.0000000000
1.0000000000,-0.8763438990,11.0498169775,0.0000000000
1.0000000000,-0.3239258396,9.8821908644,0.0000000000
1.0000000000,-0.8886519092,10.5836053564,0.0000000000
1.0000000000,-0.5735887025,8.9029774440,0.0000000000
1.0000000000,-0.6684460162,8.3266131551,0.0000000000
1.0000000000,-0.9853289167,9.5545298617,0.0000000000
1.0000000000,-0.4457257868,8.2356325536,0.0000000000
1.0000000000,-0.1485539948,10.3097033927,0.0000000000
1.0000000000,-0.6930939509,11.8238951644,0.0000000000
1.0000000000,-0.6308770280,10.9945984290,0.0000000000
1.0000000000,-0.3176770042,11.7257564004,0.0000000000
1.0000000000,-0.9625730811,10.8098957333,0.0000000000
1.0000000000,-0.4449351639,9.0781942896,0.0000000000
1.0000000000,-0.8116258217,10.1075196691,0.0000000000
1.0000000000,-0.9721427284,10.4137153713,0.0000000000
1.0000000000,-0.2691555333,11.0677481813,0.0000000000
1.0000000000,-0.5422085069,11.8819011860,0.0000000000
1.0000000000,-0.9554020643,8.3281732121,0.0000000000
1.0000000000,-0.6144112200,9.6061141991,0.0000000000
1.0000000000,-0.4393098737,9.1577647729,0.0000000000
1.0000000000,-0.7933714125,10.7105627057,0.0000000000
1.0000000000,-0.3495617696,8.2077029723,0.0000000000
1.0000000000,-0.7218225519,10.0385723366,0.0000000000
1.0000000000,-0.6673718569,10.7692419327,0.0000000000
1.0000000000,-0.1764500744,10.5465622765,0.0000000000
1.0000000000,-0.4526912292,8.5409249938,0.0000000000
1.0000000000,-0.2219361721,9.1823683905,0.0000000000
1.0000000000,-0.3628828435,11.8404990246,0.0000000000
1.0000000000,-0.4148553496,10.6741281339,0.0000000000
1.0000000000,-0.7540104897,11.7179416987,0.0000000000
1.0000000000,-0.5605850238,9.8249456430,0.0000000000
1.0000000000,-0.7721206580,11.2389608679,0.0000000000
1.0000000000,-0.1392874926,9.0150855258,0.0000000000
1.0000000000,-0.4649807585,10.8910472186,0.0000000000
1.0000000000,-0.5801628432,11.8043428520,0.0000000000
1.0000000000,-0.8926580205,11.7124190281,0.0000000000
1.0000000000,-0.5446000735,8.5940486999,0.0000000000
1.0000000000,-0.3188196009,9.7024317534,0.0000000000
1.0000000000,-0.5435498315,8.7751793946,0.0000000000
1.0000000000,-0.6460712383,11.7827238213,0.0000000000
1.0000000000,-0.1889524116,11.5559577058,0.0000000000
1.0000000000,-0.7122604163,11.8175728554,0.0000000000
1.0000000000,-0.3146800071,9.1968605809,0.0000000000
1.0000000000,-0.9377458399,10.6346094459,0.0000000000
1.0000000000,-0.9620236490,8.7585670642,0.0000000000
1.0000000000,-0.1258076428,9.9560326347,0.0000000000
1.0000000000,-0.0598656866,9.5822704927,0.0000000000
1.0000000000,-0.4503179507,11.3008799722,0.0000000000
1.0000000000,-0.3165353424,9.5221498370,0.0000000000
1.0000000000,-0.6450472450,8.0299420722,0.0000000000
1.0000000000,-0.4665930877,11.3972777937,0.0000000000
1.0000000000,-0.3991298511,9.2981127186,0.0000000000
1.0000000000,-0.9659790344,11.1739241951,0.0000000000
1.0000000000,-0.0545631925,10.0364707799,0.0000000000
1.0000000000,-0.7069391660,9.6150099255,0.0000000000
1.0000000000,-0.3923534922,8.8314727124,0.0000000000
1.0000000000,-0.0773452464,11.1287200840,0.0000000000
1.0000000000,-0.5471632661,9.4010590978,0.0000000000
1.0000000000,0.9546692858,-11.3048491253,0.0000000000
1.0000000000,0.3810794910,-8.3585792137,0.0000000000
1.0000000000,0.6481953961,-10.3279928882,0.0000000000
1.0000000000,0.3650537896,-9.0879718624,0.0000000000
1.0000000000,0.1070772803,-8.8161188051,0.0000000000
1.0000000000,0.2246450322,-8.4322074780,0.0000000000
1.0000000000,0.7609502191,-9.7482352023,0.0000000000
1.0000000000,0.5623774312,-10.2486542168,0.0000000000
1.0000000000,0.3320708055,-10.7717417476,0.0000000000
1.0000000000,0.5198041198,-9.1806322718,0.0000000000
1.0000000000,0.3774593634,-9.4361724754,0.0000000000
1.0000000000,0.4674990376,-9.5504857330,0.0000000000
1.0000000000,0.9591478862,-8.5111816034,0.0000000000
1.0000000000,0.6388949582,-11.3569798564,0.0000000000
1.0000000000,0.7692435334,-8.2271616862,0.0000000000
1.0000000000,0.8150324864,-8.5230130213,0.0000000000
1.0000000000,0.4394493044,-9.2705141140,0.0000000000
1.0000000000,0.6142576582,-9.7342042107,0.0000000000
1.0000000000,0.2328202866,-8.7069012237,0.0000000000
1.0000000000,0.9079431406,-10.1163876314,0.0000000000
1.0000000000,0.3223799304,-9.4852708048,0.0000000000
1.0000000000,0.8973627859,-9.4328548516,0.0000000000
1.0000000000,0.1154096152,-8.6677341007,0.0000000000
1.0000000000,0.2731355879,-10.6580972438,0.0000000000
1.0000000000,0.9388272555,-9.0327731411,0.0000000000
1.0000000000,0.9482219574,-10.3227229003,0.0000000000
1.0000000000,0.5647583387,-8.2974650171,0.0000000000
1.0000000000,0.9138483458,-10.8420948019,0.0000000000
1.0000000000,0.7583465017,-10.6845615724,0.0000000000
1.0000000000,0.1543516221,-9.4868185643,0.0000000000
1.0000000000,0.8275596423,-11.4711548028,0.0000000000
1.0000000000,0.5867380758,-8.3895502968,0.0000000000
1.0000000000,0.9980889914,-8.6967648826,0.0000000000
1.0000000000,0.4967227864,-11.6126556850,0.0000000000
1.0000000000,0.9871086071,-9.7642402430,0.0000000000
1.0000000000,0.4151679867,-11.9842459159,0.0000000000
1.0000000000,0.7614159582,-11.9596529827,0.0000000000
1.0000000000,0.0832580473,-8.5175711718,0.0000000000
1.0000000000,0.8679473570,-11.3029035085,0.0000000000
1.0000000000,0.7350299558,-11.5665377470,0.0000000000
1.0000000000,0.8523445388,-9.5456704791,0.0000000000
1.0000000000,0.7777595753,-9.9727606191,0.0000000000
1.0000000000,0.4086374707,-10.3026829465,0.0000000000
1.0000000000,0.9878430680,-11.4384746036,0.0000000000
1.0000000000,0.3698767714,-9.8939378330,0.0000000000
1.0000000000,0.2247734587,-8.0186072452,0.0000000000
1.0000000000,0.6686938132,-9.5887395086,0.0000000000
1.0000000000,0.8402918578,-11.1326347031,0.0000000000
1.0000000000,0.7566504426,-10.0951455704,0.0000000000
1.0000000000,0.5661635185,-8.7023271878,0.0000000000
1.0000000000,0.1339663675,-9.1914974808,0.0000000000
1.0000000000,0.5986405496,-10.6400744849,0.0000000000
1.0000000000,0.8783939299,-9.4737432021,0.0000000000
1.0000000000,0.7413033387,-9.9873350698,0.0000000000
1.0000000000,0.0014644466,-11.3187781099,0.0000000000
1.0000000000,0.2002179850,-11.1682448439,0.0000000000
1.0000000000,0.1486027348,-9.9713240160,0.0000000000
1.0000000000,0.1154583096,-8.3802774700,0.0000000000
1.0000000000,0.3630771807,-8.0990907379,0.0000000000
1.0000000000,0.7015895831,-11.8496663393,0.0000000000
1.0000000000,0.9607282578,-9.2851167176,0.0000000000
1.0000000000,0.8418834998,-9.7169028715,0.0000000000
1.0000000000,0.5621338314,-8.3172562324,0.0000000000
1.0000000000,0.2323147989,-8.5211106357,0.0000000000
1.0000000000,0.6245811198,-10.1065772087,0.0000000000
1.0000000000,0.0654031184,-11.4134954776,0.0000000000
1.0000000000,0.3558979421,-8.9516474011,0.0000000000
1.0000000000,0.1144130591,-10.5711522454,0.0000000000
1.0000000000,0.2673547901,-10.0498831703,0.0000000000
1.0000000000,0.6953718567,-10.0620872873,0.0000000000
1.0000000000,0.2603578754,-10.3526127617,0.0000000000
1.0000000000,0.9729973282,-9.5979218374,0.0000000000
1.0000000000,0.4149513165,-9.0502196975,0.0000000000
1.0000000000,0.1917864374,-10.4575209731,0.0000000000
1.0000000000,0.4508004306,-8.3327930734,0.0000000000
1.0000000000,-0.3997074778,-8.6166107649,0.0000000000
1.0000000000,-0.5715748363,-11.2619604254,0.0000000000
1.0000000000,-0.3327533666,-9.6655998305,0.0000000000
1.0000000000,-0.4567432303,-9.3237227183,0.0000000000
1.0000000000,-0.7967836369,-9.6793503743,0.0000000000
1.0000000000,-0.4797153603,-8.7235345498,0.0000000000
1.0000000000,-0.1325740930,-10.0793479695,0.0000000000
1.0000000000,-0.2226655737,-9.7866231171,0.0000000000
1.0000000000,-0.0187803260,-10.6819755446,0.0000000000
1.0000000000,-0.4390441050,-9.7176535526,0.0000000000
1.0000000000,-0.4269011002,-11.3667163674,0.0000000000
1.0000000000,-0.0914880303,-8.1734801835,0.0000000000
1.0000000000,-0.1488922908,-9.7735922379,0.0000000000
1.0000000000,-0.5384125078,-8.3350152909,0.0000000000
1.0000000000,-0.3127598109,-9.2864560056,0.0000000000
1.0000000000,-0.9277985350,-11.5698595485,0.0000000000
1.0000000000,-0.2605504178,-10.9752138161,0.0000000000
1.0000000000,-0.5086575255,-8.2778279094,0.0000000000
1.0000000000,-0.3661576452,-11.2384724660,0.0000000000
1.0000000000,-0.4097331847,-11.2264152308,0.0000000000
1.0000000000,-0.6330390999,-10.1308336612,0.0000000000
1.0000000000,-0.5529474596,-9.6513338888,0.0000000000
1.0000000000,-0.7140874198,-9.8324940815,0.0000000000
1.0000000000,-0.5660958797,-8.0367619712,0.0000000000
1.0000000000,-0.3067945987,-8.1313276251,0.0000000000
1.0000000000,-0.4194230020,-8.4074103502,0.0000000000
1.0000000000,-0.7999388471,-10.9905086847,0.0000000000
1.0000000000,-0.3709946876,-10.8220588119,0.0000000000
1.0000000000,-0.9986465376,-8.0443412877,0.0000000000
1.0000000000,-0.5113129941,-10.4839410376,0.0000000000
1.0000000000,-0.9276150763,-9.3606143139,0.0000000000
1.0000000000,-0.6071701279,-9.0403245991,0.0000000000
1.0000000000,-0.0072836030,-10.5387388379,0.0000000000
1.0000000000,-0.3319296614,-8.8714874669,0.0000000000
1.0000000000,-0.7157680488,-10.2752187285,0.0000000000
1.0000000000,-0.9744644785,-11.5414824861,0.0000000000
1.0000000000,-0.5420996042,-10.4271713366,0.0000000000
1.0000000000,-0.2899809416,-11.6836074440,0.0000000000
1.0000000000,-0.0441699005,-8.3954131978,0.0000000000
1.0000000000,-0.0496059454,-8.1555430027,0.0000000000
1.0000000000,-0.2472836267,-9.5533028829,0.0000000000
1.0000000000,-0.8855295030,-9.8506404820,0.0000000000
1.0000000000,-0.6719283730,-8.7368565362,0.0000000000
1.0000000000,-0.9878652494,-11.9634171736,0.0000000000
1.0000000000,-0.6878135278,-9.2575765010,0.0000000000
1.0000000000,-0.9316820040,-9.0810326368,0.0000000000
1.0000000000,-0.1262296352,-9.4368950238,0.0000000000
1.0000000000,-0.4851708444,-11.5746570375,0.0000000000
1.0000000000,-0.6417335421,-11.9036886808,0.0000000000
1.0000000000,-0.8149732132,-8.6642504559,0.0000000000
1.0000000000,-0.5985536405,-8.7645523161,0.0000000000
1.0000000000,-0.2666629455,-10.2991806100,0.0000000000
1.0000000000,-0.0514203977,-8.1074114651,0.0000000000
1.0000000000,-0.8281714810,-10.4141578749,0.0000000000
1.0000000000,-0.8451442057,-11.0204953211,0.0000000000
1.0000000000,-0.8579077353,-11.9917902352,0.0000000000
1.0000000000,-0.0660923779,-10.4097046880,0.0000000000
1.0000000000,-0.1612676214,-11.7878706964,0.0000000000
1.0000000000,-0.1398238118,-11.2551631980,0.0000000000
1.0000000000,-0.5373340990,-10.3843761176,0.0000000000
1.0000000000,-0.4554014926,-11.3903194973,0.0000000000
1.0000000000,-0.1010268981,-11.7948273965,0.0000000000
1.0000000000,-0.1332176612,-9.9575031565,0.0000000000
1.0000000000,-0.0946024659,-8.1217191406,0.0000000000
1.0000000000,-0.3603699009,-8.1701889989,0.0000000000
1.0000000000,-0.8807566289,-9.7075255614,0.0000000000
1.0000000000,-0.0656526196,-10.9475595168,0.0000000000
1.0000000000,-0.7207666709,-10.5169201310,0.0000000000
1.0000000000,-0.6569451309,-10.1930238950,0.0000000000
1.0000000000,-0.6706403124,-8.4308154154,0.0000000000
1.0000000000,-0.9006336350,-11.0809153119,0.0000000000
1.0000000000,-0.4762897713,-8.0474209734,0.0000000000
1.0000000000,-0.0635212177,-11.9284054710,0.0000000000
1.0000000000,-0.9916691975,-10.1067944951,0.0000000000
1.0000000000,-0.0864314279,-8.4220411028,0.0000000000
1.0000000000,1.3340884247,-5.0038477836,0.0000000000
1.0000000000,1.2617370517,-4.2424195772,0.0000000000
1.0000000000,1.3347594079,-4.3830895185,0.0000000000
1.0000000000,0.7203782293,-4.3910266513,0.0000000000
1.0000000000,0.3699156882,-5.9840517814,0.0000000000
1.0000000000,0.8112908453,-7.7600715122,0.0000000000
1.0000000000,0.4579320851,-7.2622099423,0.0000000000
1.0000000000,0.6184744710,-6.8664908666,0.0000000000
1.0000000000,0.1729514210,-6.7780951201,0.0000000000
1.0000000000,1.7466071729,-7.1862542768,0.0000000000
1.0000000000,1.4997341537,-7.2060331252,0.0000000000
1.0000000000,1.9054716056,-7.5875619186,0.0000000000
1.0000000000,0.1094534927,-7.6034781513,0.0000000000
1.0000000000,0.3304904466,-5.5742573803,0.0000000000
1.0000000000,1.5963449599,-4.0678858135,0.0000000000
1.0000000000,1.0504411417,-4.8343913894,0.0000000000
1.0000000000,0.3652420271,-6.0050679874,0.0000000000
1.0000000000,1.1784077075,-5.0322841794,0.0000000000
1.0000000000,1.6824967510,-4.6878840437,0.0000000000
1.0000000000,1.6315984578,-6.0903736949,0.0000000000
1.0000000000,0.1441105507,-6.4341032149,0.0000000000
1.0000000000,1.4910846957,-4.7569204756,0.0000000000
1.0000000000,1.7082953542,-4.2144102451,0.0000000000
1.0000000000,1.2239232980,-6.6019929004,0.0000000000
1.0000000000,1.7203875827,-4.2394046347,0.0000000000
1.0000000000,0.2217214203,-5.7613483861,0.0000000000
1.0000000000,1.6560327614,-6.1259202905,0.0000000000
1.0000000000,0.0848042285,-6.2731362099,0.0000000000
1.0000000000,0.4759655992,-5.1905112427,0.0000000000
1.0000000000,0.1118862705,-7.0648020379,0.0000000000
1.0000000000,0.9974449276,-6.7691667356,0.0000000000
1.0000000000,0.7020120522,-6.3327865813,0.0000000000
1.0000000000,0.7978131365,-7.8935526874,0.0000000000
1.0000000000,0.8786386116,-5.4227009955,0.0000000000
1.0000000000,1.7371996577,-4.4254062866,0.0000000000
1.0000000000,1.4954737192,-6.8188210486,0.0000000000
1.0000000000,0.4453845025,-5.8028849553,0.0000000000
1.0000000000,0.4837285735,-7.7446577363,0.0000000000
1.0000000000,1.6890527165,-4.2988451589,0.0000000000
1.0000000000,1.2202297726,-7.8381071776,0.0000000000
1.0000000000,0.3881661904,-7.8507142813,0.0000000000
1.0000000000,1.8276888239,-4.0637093532,0.0000000000
1.0000000000,0.1526628173,-5.1721454727,0.0000000000
1.0000000000,0.4089682597,-4.4750148405,0.0000000000
1.0000000000,0.4460219097,-5.8527863766,0.0000000000
1.0000000000,1.9885110477,-4.4386994925,0.0000000000
1.0000000000,0.0641492889,-5.3755059411,0.0000000000
1.0000000000,1.2747432219,-6.9728329600,0.0000000000
1.0000000000,0.6698830156,-4.2418118567,0.0000000000
1.0000000000,1.7994208004,-4.7961447252,0.0000000000
1.0000000000,1.4589803562,-4.9442319732,0.0000000000
1.0000000000,1.4646730005,-4.2346077726,0.0000000000
1.0000000000,1.9299384757,-4.5595728624,0.0000000000
1.0000000000,1.3049879081,-7.9117199228,0.0000000000
1.0000000000,1.4628094134,-5.4761017443,0.0000000000
1.0000000000,1.9467322002,-7.0143822602,0.0000000000
1.0000000000,0.2354162857,-5.2384589924,0.0000000000
1.0000000000,1.0117300643,-4.2989445335,0.0000000000
1.0000000000,1.8919504875,-6.9807502769,0.0000000000
1.0000000000,0.9823914070,-4.5798232706,0.0000000000
1.0000000000,0.8852737035,-7.7626437222,0.0000000000
1.0000000000,1.4634242441,-4.9306301570,0.0000000000
1.0000000000,0.1744804204,-4.3875707670,0.0000000000
1.0000000000,1.7531854433,-4.5347990792,0.0000000000
1.0000000000,0.6685704660,-6.7942827510,0.0000000000
1.0000000000,1.2384029085,-6.7850227750,0.0000000000
1.0000000000,0.9305226374,-7.9509268544,0.0000000000
1.0000000000,0.5457473710,-4.5436141123,0.0000000000
1.0000000000,0.3294471629,-6.3132277817,0.0000000000
1.0000000000,0.1673661916,-4.5173643664,0.0000000000
1.0000000000,0.1572246454,-4.4744725776,0.0000000000
1.0000000000,0.0132473317,-7.2604662605,0.0000000000
1.0000000000,0.2379131560,-7.8736304637,0.0000000000
1.0000000000,1.9974900137,-5.9500932631,0.0000000000
1.0000000000,0.1341516914,-7.4914471273,0.0000000000
1.0000000000,0.7836592494,-4.9108746130,0.0000000000
1.0000000000,1.9537519792,-6.5635718541,0.0000000000
1.0000000000,1.7847679832,-6.8062962866,0.0000000000
1.0000000000,0.9357834414,-4.0848122048,0.0000000000
1.0000000000,1.5219694256,-5.2296702964,0.0000000000
1.0000000000,0.1804353877,-6.5190273029,0.0000000000
1.0000000000,1.5845411111,-7.7702081983,0.0000000000
1.0000000000,0.2281834232,-7.3544320198,0.0000000000
1.0000000000,0.3778439930,-4.1048424764,0.0000000000
1.0000000000,1.5620912514,-6.2360431635,0.0000000000
1.0000000000,0.4607608515,-4.1270905354,0.0000000000
1.0000000000,0.4327170204,-7.6428562897,0.0000000000
1.0000000000,1.6571030005,-6.3514783389,0.0000000000
1.0000000000,0.4634937847,-5.4354709816,0.0000000000
1.0000000000,0.1530128645,-6.9574619330,0.0000000000
1.0000000000,0.3251772032,-6.6379843812,0.0000000000
1.0000000000,1.8674494328,-6.8329748068,0.0000000000
1.0000000000,1.8616959948,-6.9876386313,0.0000000000
1.0000000000,0.5748238624,-5.3020983164,0.0000000000
1.0000000000,0.8024922756,-6.0224972319,0.0000000000
1.0000000000,0.7236743665,-4.5852729243,0.0000000000
1.0000000000,0.8236171638,-4.9103658113,0.0000000000
1.0000000000,0.7700499852,-5.2199329718,0.0000000000
1.0000000000,1.1583848990,-4.9664177396,0.0000000000
1.0000000000,0.2999678777,-7.0379705280,0.0000000000
1.0000000000,0.1418731643,-7.6831611266,0.0000000000
1.0000000000,0.6061383609,-4.6464395717,0.0000000000
1.0000000000,1.5656639444,-6.6365567969,0.0000000000
1.0000000000,0.8288346151,-5.4155107915,0.0000000000
1.0000000000,1.3835413525,-5.4561850473,0.0000000000
1.0000000000,1.1699270545,-4.6175511769,0.0000000000
1.0000000000,1.2738573992,-5.3077904750,0.0000000000
1.0000000000,0.2267276205,-4.9763892723,0.0000000000
1.0000000000,0.4908034327,-6.0244959966,0.0000000000
1.0000000000,0.1528432873,-5.3047295697,0.0000000000
1.0000000000,0.0256821256,-4.2519085034,0.0000000000
1.0000000000,1.1871846895,-4.0037994981,0.0000000000
1.0000000000,0.2401412660,-4.8337769432,0.0000000000
1.0000000000,0.1069360911,-7.3080859178,0.0000000000
1.0000000000,0.9152263689,-7.7909153182,0.0000000000
1.0000000000,1.4500884918,-6.0050175255,0.0000000000
1.0000000000,0.4214734700,-6.5535345606,0.0000000000
1.0000000000,1.4311607763,-4.4512728931,0.0000000000
1.0000000000,0.0316461114,-4.2168999409,0.0000000000
1.0000000000,0.1151519051,-7.6200100873,0.0000000000
1.0000000000,0.9808939256,-5.1218412625,0.0000000000
1.0000000000,0.1538264839,-7.7646154390,0.0000000000
1.0000000000,0.5746089394,-7.8272180182,0.0000000000
1.0000000000,1.8224252736,-6.5043363763,0.0000000000
1.0000000000,1.3630157657,-7.7656760894,0.0000000000
1.0000000000,0.3637226805,-4.8204044080,0.0000000000
1.0000000000,0.0899926486,-4.4216704166,0.0000000000
1.0000000000,1.2256417137,-5.2884889220,0.0000000000
1.0000000000,0.6387278266,-5.3537324228,0.0000000000
1.0000000000,0.5804992729,-7.4823180113,0.0000000000
1.0000000000,0.9944319493,-4.9747795541,0.0000000000
1.0000000000,1.2027945159,-6.8403154995,0.0000000000
1.0000000000,0.7823529577,-5.5448890303,0.0000000000
1.0000000000,1.4424933326,-7.8492073148,0.0000000000
1.0000000000,1.6779231038,-7.7658832652,0.0000000000
1.0000000000,1.7577291141,-5.6635164996,0.0000000000
1.0000000000,0.8153655334,-4.9837863617,0.0000000000
1.0000000000,0.3776045447,-6.0547085515,0.0000000000
1.0000000000,1.9179640080,-5.5801145486,0.0000000000
1.0000000000,0.6596644911,-7.7306393305,0.0000000000
1.0000000000,1.7875261761,-6.4603989508,0.0000000000
1.0000000000,0.3738668851,-5.0155313222,0.0000000000
1.0000000000,1.5181908706,-7.8775369257,0.0000000000
1.0000000000,0.8409654080,-6.2028771175,0.0000000000
1.0000000000,1.9978534566,-7.0019406855,0.0000000000
1.0000000000,0.2296329036,-5.8004475354,0.0000000000
1.0000000000,0.0259577317,-4.6157925442,0.0000000000
1.0000000000,0.8405938129,-6.9087090183,0.0000000000
1.0000000000,1.4194765625,-5.0396575182,0.0000000000
1.0000000000,0.4344061181,-5.1822054278,0.0000000000
