-1.70360273,0.75032066,1.35676436,1
1.78558859,1.2015118,-2.73134561,1
-0.27576603,-0.24533654,0.46119744,-1
-0.8558147,0.87375962,0.35435793,1
0.31207133,-0.48846784,-0.01734842,1
-1.4973958,1.28758431,0.77887433,1
-0.1504195,0.27282022,-0.01625502,-1
-1.76170986,0.36366047,1.67455677,-1
1.90200361,-0.29408648,-1.87280604,-1
-0.87138004,-1.37038479,1.84929525,-1
1.75024597,-0.52732992,-1.55430639,-1
0.85207772,0.11774778,-1.00331881,1
-0.46143682,-0.86408239,1.07044062,-1
-1.88078083,0.91261791,1.44237414,1
1.99674852,0.22430065,-2.31716206,-1
1.50685575,-0.57000695,-1.26175921,-1
2.03869512,-2.08798519,-0.8398316,-1
0.21799491,-1.74792696,0.91436198,-1
-1.36053617,1.44352841,0.52747157,1
-0.9574233,2.12827647,-0.36148886,1
1.19447137,-0.96371992,-0.66305368,-1
1.55360391,3.02161962,-3.6780473,1
2.37297496,-2.27442049,-1.08023218,-1
-0.67623453,-0.62645622,1.14731079,-1
-1.31940147,1.35752903,0.53941983,1
0.84904658,-1.15074579,-0.1645774,-1
-1.88802756,0.23884613,1.8940034,-1
-0.88261315,2.14684051,-0.45499541,1
0.03744036,-0.94259463,0.58012807,1
-1.81240747,0.51907101,1.62728326,1
0.767867,-1.0755502,-0.12590202,-1
0.27079268,-1.35399044,0.59754581,-1
0.71861248,-0.46949902,-0.47154183,-1
-0.18396407,2.25978282,-1.28845157,1
-0.13294718,-1.39066829,1.06035909,-1
-0.38980948,0.23649587,0.267762,1
-2.54425582,-0.62513085,3.17601229,-1
0.4192899,-0.85998358,0.11084599,-1
1.27295997,-1.82878009,-0.17858916,-1
1.16373533,-0.96892922,-0.62622856,1
0.20703874,2.74337862,-2.03177286,1
1.31581808,-1.04144897,-0.74370142,-1
0.74791272,0.33168574,-1.03104787,-1
-1.50325326,0.98186509,0.98658946,1
1.46818437,1.27176262,-2.43275934,1
1.92952818,-0.0506512,-2.06304102,1
1.5515341,1.10183826,-2.41140283,1
-1.56269652,0.86467556,1.12835629,1
2.07817597,-1.20103568,-1.46688462,-1
-0.65905145,0.55920301,0.3477494,1
-1.24552423,0.96762101,0.71595246,1
0.90832589,1.5630942,-2.01635749,1
-2.08824498,0.24104855,2.11008577,1
1.91404309,-1.47320261,-1.10930388,-1
-1.83171288,0.09076338,1.93034785,1
0.13772948,-0.77548088,0.36110206,-1
-1.62062442,0.60232938,1.36407898,1
-2.02476561,0.19006051,2.07469795,1
-0.75912655,0.91325753,0.22329395,1
2.10430264,-1.741865,-1.13907284,-1
-1.28470248,1.04591787,0.70695155,1
-1.8444874,0.05342791,1.96881684,1
1.42117976,-1.13274426,-0.79804675,-1
-0.36568291,1.61488127,-0.66627559,1
2.26230801,-1.02433099,-1.78332131,-1
-4.3233801,-0.31992149,4.90798628,-1
-1.86841317,0.69928925,1.56943822,1
1.06588119,1.40688825,-2.08465925,1
-0.15685991,-1.22291401,0.97585449,-1
3.65182728,-1.12277076,-3.22817729,-1
-2.2174154,-0.29172629,2.60132051,1
-0.02717981,-1.81658728,1.22596095,-1
-0.90380274,1.55228199,-0.04038847,1
0.29105709,0.32024236,-0.52714498,-1
1.35916718,1.27685974,-2.317671,1
-1.90817674,-0.29857922,2.26985122,1
-2.21570897,0.1530221,2.3065488,1
-2.11025801,-0.04658306,2.3234409,1
-1.33650143,1.61962259,0.38538006,1
3.6047007,-1.61762919,-2.85105415,1
2.11285385,-0.94925559,-1.67038755,-1
-0.29697036,1.46727653,-0.64371604,1
-1.25157883,-0.57482643,1.73840878,-1
1.72584728,-0.48814515,-1.55360527,-1
2.43782641,-2.45685536,-1.03053798,-1
-1.462364,1.29700878,0.73460577,1
-1.3077364,0.99958,0.76249631,1
2.15132521,-1.32429718,-1.46517827,-1
-1.67635035,1.24265035,1.00289967,1
1.31891477,-1.31740184,-0.56531939,-1
1.58998391,0.02254121,-1.74233734,-1
-1.65034095,-1.59373862,2.84272751,-1
1.80438008,1.6455969,-3.0442431,1
-0.6657735,0.04309657,0.69496793,1
0.75369172,-2.5199299,0.84078847,-1
2.21616453,-1.55032126,-1.3867624,-1
-0.55506999,-1.03483702,1.28463298,-1
0.2546316,-0.20145575,-0.14397138,1
2.31455235,-1.57421577,-1.47792188,-1
0.15349759,0.76150645,-0.66831172,1
0.17090238,1.18897178,-0.96875657,1
-1.019406,2.12171271,-0.28982269,1
0.58766108,0.19604956,-0.76760516,1
-1.65464321,0.71539055,1.32657612,-1
-0.01443604,-1.00314652,0.67637126,-1
-0.89148652,1.6151416,-0.09517007,1
0.60465019,0.05457704,-0.69288771,-1
1.08240217,-1.21934797,-0.37293203,1
-1.13814462,1.76780834,0.07227138,1
0.15874953,2.21553242,-1.63166031,1
1.0621595,-1.34591835,-0.26757762,-1
-1.91567137,0.52299936,1.73689053,1
0.2078741,-1.80554527,0.96330633,-1
-2.17778582,-0.29804849,2.56242751,1
-1.44594365,1.38719824,0.65736525,1
0.92776863,-0.4425335,-0.71654642,1
2.03293894,-1.78691771,-1.03186499,-1
-0.90815598,-0.08886021,1.04522115,-1
-0.68494729,2.75231479,-1.0685302,1
0.84874563,1.0639949,-1.62291053,-1
0.49867746,-0.78328533,-0.02592187,-1
-1.75310528,0.59486974,1.51293028,1
1.77461631,-0.67907195,-1.48084488,-1
1.79775768,-1.03950278,-1.26860265,-1
-1.46938847,1.32887459,0.72125047,1
-3.01304882,1.29251455,2.42235929,-1
-1.70179536,-1.01249656,2.51581749,-1
-1.64395368,0.78225611,1.2709235,1
1.3726176,-2.42718733,0.10725408,-1
0.98313013,-0.72505749,-0.59062141,1
0.20252737,-1.78301126,0.95427424,-1
-1.16567078,0.51202085,0.92925783,1
-1.44172185,1.47982888,0.59177047,1
0.26307338,0.18442263,-0.4072883,1
-0.2367674,-0.36367435,0.49676505,-1
1.75343475,-2.41883033,-0.31200154,1
-0.16861553,-1.693829,1.29877817,-1
0.42679051,0.73741758,-0.94937471,1
1.04232375,-0.12490545,-1.05020309,-1
0.48966783,0.85779924,-1.09697497,1
-1.23277714,0.81923608,0.79983141,1
0.11608623,-1.02235115,0.54720941,-1
1.24186822,-0.6332938,-0.93217298,1
2.55650099,-2.85236235,-0.89898937,-1
0.87602127,-3.1770802,1.14068807,-1
0.09527308,1.87497374,-1.33839734,1
1.31710145,-1.02380662,-0.75671528,-1
-1.35191168,1.83851153,0.25795963,1
-0.45904098,1.67999487,-0.60772834,1
-0.49099215,-0.47302079,0.8449932,-1
2.31663236,-2.30937616,-0.99599456,-1
-0.20070249,-0.61129123,0.62066516,-1
-2.19834456,-0.17019997,2.50056136,1
0.20332908,2.86639434,-2.1087623,1
-1.30752394,-0.82072803,1.96114656,-1
0.31160738,-0.49122956,-0.01502543,-1
2.33984852,-1.26952332,-1.70608059,-1
0.53859772,1.01011234,-1.2504521,1
0.42061183,-1.07929564,0.25385182,-1
1.15237008,-0.91168801,-0.65158029,-1
1.05914336,-1.35073637,-0.26112742,-1
-2.13366686,-0.30155265,2.51680088,1
1.09153161,0.59877927,-1.58029579,1
0.10978805,1.34803965,-1.00712124,1
-1.31867082,1.64879891,0.34679145,1
2.09007537,-1.23109971,-1.46001251,-1
-1.26378327,1.63377422,0.2970525,1
2.22728791,-0.87178379,-1.84574232,-1
-2.0874785,-0.28645203,2.45667249,1
-0.08263376,-2.34934199,1.63709069,-1
0.9029365,-0.14756344,-0.88383825,1
1.13605115,0.84358376,-1.7898973,1
-0.54380111,0.06782083,0.54616318,-1
-1.73985016,0.95643142,1.26039908,1
-0.47132867,-0.41642734,0.78635589,-1
-1.28573004,1.50920951,0.40293742,1
-0.42981129,-1.02798809,1.14403066,-1
1.09140155,-1.50730446,-0.19305741,-1
-2.97235754,-0.57405154,3.6074962,-1
-0.64432269,0.44430278,0.4074218,-1
1.99597769,-1.36854535,-1.26725326,-1
-1.73185879,-0.16832636,1.99249826,-1
0.01101839,0.96634546,-0.64842033,1
1.22605772,-1.09764299,-0.60916807,-1
0.52941322,1.49787827,-1.56172296,1
-1.02821338,-1.36466949,2.01592791,-1
-0.28886511,-2.03458844,1.65385644,-1
1.4858597,-1.3409549,-0.73118992,-1
-0.05866364,-0.77434111,0.57372928,-1
-1.79186084,0.28558716,1.75873551,1
-1.2008795,1.23617433,0.49057361,1
1.17041821,-2.48188398,0.36296439,-1
-1.08617575,1.4119541,0.25017879,1
-1.35024536,1.71090603,0.34019203,1
-1.32950932,0.97644258,0.80139087,1
-0.45299792,2.10354386,-0.89324949,1
1.2316467,-1.27908503,-0.49574007,-1
-1.74467437,0.12366435,1.81411288,1
0.32697241,-1.73909954,0.79014586,-1
-0.1562187,-0.99450155,0.82472209,-1
0.61252947,-1.44587538,0.28677115,-1
-1.78789583,-0.094058,2.00446737,-1
0.86760258,-1.26989388,-0.10626554,-1
-0.33573482,0.83170459,-0.18300227,1
0.19248489,-0.04620375,-0.17870122,-1
-1.34300995,1.23602747,0.64509274,1
-0.8395356,2.76260718,-0.90735125,1
-0.98262087,-0.72704649,1.5464447,-1
-1.58099003,-2.0079254,3.04016825,-1
0.90317444,-0.20417723,-0.84681011,-1
0.37004677,-1.43798413,0.54502733,-1
-0.14026323,-1.00037066,0.81125222,1
1.46430844,-0.99482636,-0.93574007,-1
0.26267581,-1.19988266,0.50486706,-1
-1.67180915,0.45043643,1.51972922,1
1.3537105,-0.71896987,-0.99726028,-1
-1.59095372,-1.08882199,2.44565889,-1
-1.42280199,1.18462853,0.76563756,1
-1.82336328,0.44576198,1.68746896,1
-0.6451306,-0.99209647,1.35433281,-1
0.03859688,1.86530818,-1.2704537,1
1.00800961,-1.86949702,0.1360918,-1
-0.16924451,-0.15323908,0.28480684,-1
1.55289029,-0.36182961,-1.44888356,-1
-0.16052113,3.65865617,-2.23524008,1
0.57235677,-1.18411837,0.15802119,-1
-0.16806289,0.78613542,-0.33516254,1
0.89943125,-0.26760651,-0.80096777,-1
-1.05821118,1.81423666,-0.04515335,1
0.33118778,1.03893278,-1.04408617,1
1.38314701,-1.27744137,-0.6614252,-1
-1.26693131,2.21796397,-0.08428299,1
1.83383324,-2.33234694,-0.45631238,-1
2.94513227,-3.33360886,-1.00427498,-1
-2.14050009,-0.04983667,2.35844129,1
3.41214759,-2.24425689,-2.22914233,-1
2.3789243,-1.38566217,-1.67204507,-1
-1.60976981,0.50146737,1.41871479,1
-1.32247858,1.33460131,0.55786359,1
-2.28977386,-0.51155343,2.82471809,-1
-1.70682486,0.50198781,1.52382074,1
2.95499419,-1.57576448,-2.17273141,-1
0.92157059,-0.78860133,-0.4818871,-1
3.37233238,-2.35951798,-2.10997115,-1
-2.06394208,-0.17504153,2.357724,1
-0.55614714,1.47207044,-0.36528207,1
-0.16231497,-0.34634584,0.40446091,-1
-1.24047614,1.73032128,0.20814241,1
-1.32604512,1.32273967,0.56955082,1
-0.77747434,2.19541422,-0.60121834,1
-2.00344202,0.61703548,1.77031836,-1
-0.58394513,2.39807007,-0.9449567,1
-1.18314928,1.93503763,0.01102858,1
-1.22533293,1.49818547,0.34457755,1
-0.28976864,-1.37081958,1.21767037,-1
0.68605685,-0.82917237,-0.19928461,-1
1.61137548,-0.71142556,-1.28217784,-1
-0.61138458,-1.21271236,1.46296911,-1
-1.10475809,1.52034074,0.19898319,1
0.8240248,1.18250152,-1.67410193,1
0.80219319,-0.19615722,-0.74237773,-1
0.40326201,0.11658741,-0.51492369,1
-1.04774078,1.87250281,-0.09490419,1
0.8482905,1.28345681,-1.76695682,1
-1.09411898e+00,1.80662396e+00,-1.12627842e-03,1
1.1648372,-1.31824659,-0.39736028,-1
-1.46023041,0.04663016,1.55580503,-1
-0.74913613,2.81466065,-1.03985196,1
0.55319959,0.69594393,-1.05940095,1
-1.4188677,1.50369639,0.55122032,1
-2.68430789,-1.37595874,3.82268262,1
0.20252069,1.05603935,-0.91555812,1
-2.42893201,-1.13907492,3.38920583,1
1.91649106,-1.5386055,-1.06888828,-1
-1.45891681,1.11720501,0.84928182,1
1.46380461,-0.97686537,-0.94702203,-1
-1.16856326,1.31905731,0.40087462,1
-0.06368575,1.15010965,-0.68828525,1
-2.50305061,-1.09033505,3.43763368,1
-0.38837784,-0.49098533,0.74533615,1
-0.93953821,1.45355919,0.06345779,1
1.3308388,1.90824884,-2.70273464,1
-0.09482875,1.5703115,-0.9311999,1
-0.61562846,1.63511194,-0.40803808,1
1.85074311,-1.35802821,-1.11638502,-1
-2.55920058,1.12849991,2.03728305,-1
1.7732312,-0.75463409,-1.42957366,-1
0.56476633,-1.10464328,0.11392464,-1
-1.08765998,-1.64494154,2.26510687,-1
0.41185646,2.86783965,-2.33627577,1
1.29171942,0.1355215,-1.49268832,1
0.09597444,1.08381151,-0.81808852,1
1.9677236,-0.77173322,-1.62962472,-1
0.8029742,0.73108762,-1.3539231,1
-1.89684082,-0.40618155,2.32840337,-1
0.73600458,-2.51522946,0.85690947,-1
-0.44008417,-2.0945576,1.85765001,-1
0.15407375,2.34492022,-1.71179682,1
-0.17424965,-1.38978188,1.10464974,-1
1.50124409,2.32897887,-3.16497604,1
-0.777454,0.47246923,0.53351595,-1
-0.16202676,-1.08048646,0.88766335,-1
2.11171531,-1.76708712,-1.13051493,-1
-0.08980715,-0.37189687,0.34251063,1
-1.70425507,1.52978562,0.84410627,1
1.15969038,0.1652118,-1.36879539,-1
-0.65076417,-1.40794628,1.63433826,-1
0.31925482,1.40969205,-1.2753086,1
-3.53839385,0.19522445,3.71582909,-1
-0.62378467,-0.85752043,1.2425071,-1
-0.11313426,2.06465557,-1.23689338,1
0.48523538,1.95575868,-1.8152911,1
2.26328914,-1.13280359,-1.71294567,-1
0.80016934,1.70794605,-1.99424869,1
-0.73037627,2.25956759,-0.69464196,1
1.14072773,-1.26310522,-0.40748263,-1
1.359932,-1.80334457,-0.28983505,-1
-0.10066101,-1.42611062,1.04862352,-1
0.76514048,1.6603327,-1.92483158,1
0.35116478,1.22947701,-1.19128602,1
2.71275035,-2.37341481,-1.38419347,-1
-1.01085725,2.87929872,-0.79806782,1
-1.24720095,1.30647846,0.4945978,1
-1.88500731,0.08950581,1.98907963,1
0.33699528,-1.31784294,0.50181051,-1
-2.82399687,0.88442512,2.48573104,-1
-0.09625087,0.42561873,-0.17574364,-1
2.34659375,-2.07454648,-1.18320933,-1
0.80564018,-0.42873444,-0.59294413,-1
0.83900582,-0.38319655,-0.65918725,-1
2.05372869,-0.86666888,-1.66054184,-1
2.41951047,-2.37541943,-1.06427288,-1
-1.56794602,0.90644952,1.10654686,1
0.46119928,2.04652109,-1.84895369,1
-1.19312798,1.55031737,0.27525259,1
0.31138898,-0.41599976,-0.06433558,-1
0.65605451,2.17357959,-2.14434325,1
1.21892858,1.20043197,-2.11496764,1
-1.27252216,1.04876913,0.69183995,1
1.80870549,-0.18576579,-1.84278075,-1
-1.18377798,-0.51368688,1.62447689,1
-1.09408018,2.38008465,-0.37885791,1
-0.3517875,-0.27589273,0.56391826,-1
1.39911594,-0.89836439,-0.92844074,-1
-2.10499017,-1.42129968,3.22312564,-1
2.02326562,-0.23711332,-2.04207857,1
0.80066816,-0.10769239,-0.79898503,1
-1.38640846,1.52454266,0.50222425,1
0.962047,1.19938186,-1.83517841,1
-1.2292047,1.39965557,0.41367737,1
1.33877881,0.47475154,-1.76723936,1
1.62558853,-1.35891879,-0.87117172,-1
-1.87591542,-0.08001236,2.09084855,1
-1.59540266,1.7212009,0.59977105,1
-1.01082677,1.40799159,0.17092313,1
2.15058083,0.3145895,-2.54376388,-1
2.37007915,-1.85403513,-1.35395778,-1
-0.09314902,-0.33540238,0.32210571,-1
-1.80205823,0.02250707,1.94308315,1
-1.84163661,0.52451555,1.6554544,1
0.55039412,-0.30984095,-0.39392845,-1
0.56035305,-0.06137348,-0.56839292,1
1.86136376,-1.81566467,-0.82651822,-1
-1.62846023,1.00931769,1.10454409,1
-1.33213412,1.59839002,0.39461913,1
0.63164053,2.25457109,-2.17116004,1
2.44892598,-2.03681556,-1.31924174,-1
-1.69236582,0.82141395,1.29773257,1
0.21349708,2.19398501,-1.67695118,1
0.72356509,0.66333078,-1.22302077,1
-0.0342634,2.40553453,-1.54709307,1
1.04416827,-0.94189527,-0.51412587,-1
0.86018083,-1.72145602,0.1992034,-1
0.89465312,0.69037185,-1.42671474,1
1.93224093,-0.96443248,-1.46415887,-1
-1.80866049,-0.32032265,2.17604899,1
-0.90262772,-0.47488468,1.29345607,-1
1.32226523,-0.73706042,-0.95118083,-1
-0.85573225,-1.06320586,1.62998171,-1
0.33695856,1.99372818,-1.67919803,1
1.21756026,0.64495941,-1.74763876,1
1.4589243,-1.3768195,-0.67830411,-1
0.33516411,0.43273713,-0.6491572,1
-0.90699871,-0.03598248,1.00913776,-1
1.42305575,1.44443964,-2.49745541,1
1.56817628,0.81438827,-2.24016558,1
-2.25074441,-0.41493519,2.71867908,1
1.77212697,-0.55686833,-1.55862532,-1
1.94379275,-0.78171461,-1.59705035,-1
-1.53273606,1.29087415,0.81510421,1
-1.68992017,0.20992061,1.69781374,1
2.46771348,-2.21312915,-1.22353138,-1
1.99822133,-2.12215127,-0.77335522,-1
-1.93080072,0.33536662,1.87690594,1
-1.0621906,-0.38519506,1.40774763,-1
-1.35375069,1.52917847,0.4636889,1
-1.53843457,0.58346031,1.2872085,1
1.50074613,-0.87723194,-1.0527784,-1
1.90721721,0.93771095,-2.68975007,1
0.82634647,-1.17073605,-0.12674822,-1
-1.21733881,-0.22929812,1.47363764,-1
-4.42887456,0.485413,4.49219938,-1
1.32019936,-1.95463726,-0.14702265,-1
-1.5525656,-0.5571497,2.0537838,-1
2.41060032,-1.82682929,-1.41590153,-1
-0.86658493,0.02473351,0.92524043,1
0.85404317,0.44605028,-1.22167899,-1
-0.43439563,-1.6457031,1.55584747,-1
2.9545935,-2.26442357,-1.71873528,-1
1.57921586,-0.40696222,-1.44776088,-1
0.27132392,-0.76684966,0.21026926,1
0.49057909,-1.35682725,0.36061985,1
-0.58561298,-0.72112137,1.11119979,-1
0.553734,1.77855082,-1.77300207,1
-1.73240151,-0.52745501,2.22961522,-1
1.41905588,-1.30304335,-0.68357776,-1
-1.0478641,1.5218199,0.1361946,1
1.8724785,-1.16480169,-1.26726193,-1
-0.67257078,2.17506115,-0.70178951,1
-0.41002373,-0.7002707,0.90669241,-1
-1.64383666,0.78906502,1.26631191,1
-2.16894667,-0.0949512,2.41906112,1
0.34415091,1.31673806,-1.24113696,1
1.51874231,-2.31167384,-0.12758686,-1
1.25660428,-2.14298601,0.04612157,-1
-1.73402227,0.37740765,1.63542057,1
-1.84907758,0.55057065,1.64637862,1
-1.12565655,1.2680486,0.38785225,1
-2.01548606,0.15089708,2.09040948,1
-0.30737686,-1.3788729,1.24210546,-1
1.16303319,-0.970237,-0.62460438,-1
-1.67923569,1.25454704,0.99819921,1
1.43513851,2.16959041,-2.98817787,1
-0.66424221,-1.92355793,1.98857119,-1
0.79399811,-0.27830659,-0.67936916,1
-1.45313634,0.97363888,0.93755615,1
-1.27868558,0.90267636,0.7947552,1
-0.15303931,1.69785551,-0.95195739,1
-0.86483596,-0.01469609,0.94930911,-1
-1.53127155,1.1826726,0.88477615,1
-0.69533703,-1.02366346,1.42967174,-1
-0.37703929,0.45369304,0.11083821,1
0.1082659,1.37536187,-1.02346226,1
0.21936681,-0.23506542,-0.08352096,-1
1.35240388,0.89160708,-2.05658983,1
2.34999733,-1.70290444,-1.43167606,-1
-2.26963229,-0.52893937,2.81428525,-1
-0.64058149,2.59264461,-1.01157182,1
1.38137121,-0.27865624,-1.31731009,-1
2.1987143,-2.39406249,-0.8121029,-1
-2.19942693,-0.57842185,2.77059815,1
-2.0730624,-0.13697705,2.34256326,1
-1.16927835,1.56010081,0.24289684,1
1.79078965,-0.45179364,-1.64810571,1
0.06594867,1.21546307,-0.87217363,1
-0.33584228,-1.87432883,1.59934708,-1
-0.69300689,-0.65352006,1.18335831,1
0.20527881,-0.34164436,0.00197985,-1
-0.04177321,1.27442934,-0.79397162,1
0.11378823,-1.11837686,0.61295007,-1
-1.23755386,2.08460004,-0.02836569,1
1.0347167,-0.47484883,-0.81146039,1
-1.72327541,0.54891061,1.51078996,1
1.90264992,-0.77333867,-1.55786586,-1
2.00899389,-1.30677726,-1.3220765,-1
1.4319684,-1.45891808,-0.59494566,-1
-2.24365224,-0.42326464,2.71645945,1
1.16369611,2.12512008,-2.66397137,1
-0.13159394,-0.41495703,0.41627133,-1
-2.16708135,-0.45162077,2.65194219,-1
2.62010358,-1.36264497,-1.94924185,-1
-1.37285289,1.59124197,0.4435672,1
0.03507662,-0.92732029,0.57263633,-1
0.93126511,-0.46163748,-0.70776314,-1
1.64501256,-1.09807979,-1.06406793,-1
1.44591834,-1.1248871,-0.83009966,-1
-2.05997317,-0.44296368,2.52986923,1
-0.58930247,2.00640405,-0.68117916,1
1.73015248,-0.78041111,-1.36579223,-1
1.5189445,-1.60341119,-0.59427852,-1
-1.26523417,1.13738199,0.62555996,1
2.81985979,-1.52860865,-2.05696762,-1
-0.87436236,1.97516742,-0.35089338,1
0.86767094,0.10264697,-1.01031498,-1
-1.44238164,0.74262094,1.07802308,1
-4.32594641,0.50125847,4.36993358,-1
-1.83633581,-0.23818316,2.15201952,1
1.0592474,-1.06546973,-0.44912117,-1
-0.32883975,0.01593635,0.34678307,1
-0.65622534,2.11808242,-0.68202154,1
-1.21322333,1.30482235,0.45877241,1
-1.66362053,0.6371913,1.38783299,-1
3.15698012,-3.72441222,-0.97705546,-1
-1.97175567,0.38154551,1.89098874,1
0.2197642,0.09223949,-0.29952045,1
0.32771738,2.78874992,-2.1927704,1
1.92778887,-1.4086566,-1.16674938,1
0.63850809,0.12389236,-0.77532583,-1
1.22203031,-1.05910363,-0.63017493,-1
2.73911223,-1.61693015,-1.91106691,-1
-1.49553066,1.34308712,0.74029295,0
-1.65043678,-0.6740907,2.23713826,0
0.10771356,-0.81936113,0.42261403,0
-1.03871649,2.07686261,-0.23930324,0
0.60179103,-0.22013095,-0.50885465,0
1.3822791,-2.02015477,-0.17132049,0
0.14113634,-1.91422259,1.10739225,0
-0.57535259,3.46493061,-1.65694207,0
-0.67789367,1.33162829,-0.14050925,0
-1.93218983,0.69940379,1.63865506,0
1.32054661,-1.76971128,-0.26919484,0
2.24900052,-1.69043091,-1.33015994,0
-1.28200976,-0.07712599,1.44367881,0
-0.63922663,2.79454346,-1.14601735,0
-1.44704745,1.33282032,0.6943786,0
-2.03708399,0.23540771,2.05821535,0
-1.22147806,1.54891992,0.30697486,0
-1.70124496,1.06387903,1.14768862,0
-1.37676842,1.35871169,0.60096916,0
-1.96703684,0.1522024,2.03691049,0
-2.31966108,-0.61526024,2.92549287,0
0.21951698,2.57973158,-1.93754996,0
0.42397813,-0.49591753,-0.13402684,0
-0.64847875,-2.72863089,2.50167709,0
-0.96669776,1.78545696,-0.12562645,0
-1.91124168,0.30999551,1.87236515,0
0.66123683,-1.96306895,0.57448254,0
3.08602274,-1.08135604,-2.64071629,0
2.55947075,-2.11180035,-1.38996076,0
-1.33632397,1.97051329,0.15408559,0
-0.41334278,-0.45260128,0.74717986,0
0.2784938,-0.50020484,0.02686317,0
-0.20901848,0.24045232,0.06872978,0
-1.84315152,0.28999368,1.81155979,0
1.50925111,-1.29115114,-0.78940577,0
1.14115959,-1.15378742,-0.47995012,0
0.72844983,-1.68839412,0.32055193,0
0.35008779,2.67936782,-2.14503486,0
-1.8007484,0.57106969,1.5803688,0
0.94347294,0.03370398,-1.04726576,0
0.80722676,-0.95589135,-0.24747479,0
-1.43624704,1.6220468,0.4921554,0
-0.18240364,-1.65517438,1.28830024,0
0.51316093,-1.16635203,0.21063534,0
1.29209284,-0.58946637,-1.01560658,0
-1.98271845,0.2356284,1.99900273,0
0.45308367,0.68934259,-0.94627891,0
0.05920183,0.23663846,-0.22017531,0
-1.1749546,1.25208952,0.45192466,0
1.851141,-2.51198219,-0.35680661,0
-0.03417796,-1.05240474,0.73026271,0
-1.643336,1.00064675,1.12641718,0
0.45306481,0.1568716,-0.59556536,0
-0.94197426,1.91443969,-0.237438,0
-0.28022739,0.26950688,0.12696133,0
-0.97427431,-1.41770653,1.99225495,0
0.66140289,2.52294316,-2.38025006,0
0.5464359,-0.00363516,-0.59129945,0
-1.22552382,-0.12816122,1.4159203,0
4.62311313,-2.81682182,-3.16773697,0
1.8667152,-1.98684172,-0.71959279,0
0.65963877,-1.27321407,0.12187045,0
0.22353069,1.49397358,-1.22681494,0
-1.51390457,1.02251701,0.97138799,0
0.60565261,1.06705131,-1.36080696,0
1.56082847,-0.01090992,-1.68862904,0
0.88453878,1.66093021,-2.05494939,0
1.60975722,-2.02201627,-0.41724571,0
-1.52590839,1.13365713,0.91123145,0
0.6936142,1.52929932,-1.76081898,0
-1.37298659,1.3807016,0.5823774,0
-1.30994333,1.18528569,0.64258566,0
0.80648105,-1.0342111,-0.19508207,0
0.3263268,-0.95991147,0.27766282,0
0.9394849,-0.06555506,-0.97755938,0
-0.88215826,1.90006403,-0.29295909,0
-1.56426379,1.26877761,0.86391167,0
-2.5551653,-1.07348939,3.48316065,0
-1.16393805,3.47122316,-1.02159802,0
0.00566377,-0.87717338,0.57156543,0
-1.32286624,0.1376491,1.34661474,0
2.33820502,-0.6370856,-2.12082755,0
-1.66828204,1.02957586,1.13446751,0
1.27787275,-1.86051512,-0.16302567,0
-1.95480654,0.24135748,1.96490365,0
0.42039503,0.85328314,-1.01873685,0
1.24659767,0.25060313,-1.5194587,0
-1.46317344,1.08357351,0.87605675,0
2.03183464,-3.04873175,-0.19961629,0
0.80168997,-0.43989577,-0.58130128,0
1.17568475,-1.57983735,-0.23685852,0
0.35417005,-0.80008663,0.14214865,0
-2.50837913,0.05709105,2.68771169,0
-1.81355067,0.38107052,1.71941445,0
1.43085332,-0.39989299,-1.29122332,0
2.34141319,-1.2149609,-1.74371618,0
0.22348525,0.86184167,-0.81043439,0
1.34316296,-0.88271706,-0.87795429,0
-1.59337091,1.39343526,0.81343476,0
-1.53253916,-0.07929298,1.7173021,0
1.45237577,-1.35271143,-0.68706716,0
-0.4567291,1.61710455,-0.56881969,0
-1.44687686,0.58148918,1.18903077,0
0.71624631,-1.15896727,-0.01487731,0
1.69625025,-1.41899399,-0.90837812,0
0.57428231,1.77876266,-1.79546699,0
3.03519393,-1.45094869,-2.34207259,0
3.05044248,-1.28571131,-2.4674676,0
0.83291182,-1.34532205,-0.01889652,0
0.21231186,0.39500207,-0.49082739,0
-1.19354821,1.41466187,0.36505382,0
1.02327332,1.25480694,-1.93820355,0
-1.95415634,-0.01067458,2.13018915,0
-0.48610303,1.87101728,-0.70413597,0
-0.3253752,1.74761828,-0.79749176,0
-0.02735997,-0.43713886,0.3176321,0
-1.56468592,0.43479824,1.41364114,0
1.81889542,-1.03043704,-1.29753929,0
-0.72355353,-0.67205122,1.22875162,0
-0.33175367,-0.38533099,0.61422945,0
1.53339798,-0.01237274,-1.65786282,0
-1.59970168,0.81096843,1.20393408,0
1.17050785,-0.60078891,-0.87604931,0
1.74859515,-1.44887987,-0.94556673,0
-1.00587507,-1.32586623,1.96610132,0
-1.31698794,0.24288697,1.27091688,0
-1.7645108,0.19637705,1.78777521,0
-1.94550731,-0.28638579,2.3023795,0
1.80327785,-0.27100605,-1.78074324,0
-4.35174069,0.166632,4.61834846,0
-0.38347445,-0.917882,1.02116898,0
-1.32489879,1.29490853,0.58663534,0
-1.63593837,1.19542302,0.99009732,0
0.38103452,-0.36691896,-0.17232963,0
-1.45746906,1.39950521,0.66178188,0
1.32813551,-1.9446909,-0.16219596,0
1.2198552,-0.41388971,-1.05275889,0
-1.50865342,0.95234601,1.01189833,0
-0.51601273,0.2498018,0.39611628,0
1.93898967,2.37664532,-3.67197322,0
2.80063251,-1.66038998,-1.94928442,0
-1.58684353,0.89592218,1.13401215,0
-1.25679883,-1.40162989,2.28862488,0
1.6093798,1.09007959,-2.4665068,0
1.10784882,1.00756664,-1.86725742,0
0.16791809,1.15919789,-0.94590467,0
-3.31730919,0.75905457,3.10427762,0
-0.26605755,-0.06352348,0.33090463,0
0.46412846,2.48231092,-2.13915366,0
0.55619491,0.00382289,-0.60681443,0
2.2881623,-1.93640292,-1.21070786,0
-1.93226614,0.2008399,1.96709933,0
0.17445521,0.82772292,-0.73469295,0
-2.14074767,-0.17827105,2.44329902,0
0.06573499,-1.75136438,1.08205382,0
2.42414249,-1.98385346,-1.3271965,0
-1.25549615,1.98700753,0.05540414,0
-1.7201828,0.82019833,1.32875589,0
-0.95735379,0.09321508,0.97875635,0
1.77294618,-1.48234599,-0.94998245,0
0.3177131,0.24151739,-0.50425689,0
-1.12494484,1.89974554,-0.0289657,0
0.37345093,0.03807171,-0.43082287,0
1.26005944,-0.42201597,-1.09108806,0
-0.10298882,0.30906557,-0.09165937,0
-2.65198712,-1.27260344,3.71949534,0
0.80121644,-1.61212812,0.19126231,0
2.38012991,-1.36976384,-1.68382581,0
2.49383833,-1.89437028,-1.46185479,0
-1.32383499,1.66318095,0.34293003,0
1.39963129,-0.60846385,-1.11993333,0
2.9037696,-1.73815179,-2.01012611,0
-0.98180958,1.86480779,-0.1614693,0
-0.98747134,3.05282208,-0.93776121,0
-0.60718011,3.04453878,-1.34548587,0
-1.34869931,1.10446572,0.73792259,0
0.38977992,-0.76746086,0.0819713,0
0.20144065,-0.07231613,-0.17123351,0
1.39750691,-2.19676935,-0.07154435,0
0.48166447,1.23699983,-1.33802643,0
-1.18803763,-1.16110732,2.05550536,0
-1.90068325,0.53436174,1.71312276,0
-0.26503026,1.26131914,-0.54277193,0
-0.2544334,-1.22351361,1.08226139,0
-0.49567822,2.94630195,-1.40193067,0
1.35686555,-0.1632598,-1.36668685,0
2.15986427,-2.07373366,-0.98086616,0
0.77348301,-0.5603087,-0.47134919,0
-0.89893695,-0.68247676,1.42616923,0
1.546004,-0.94021099,-1.06047142,0
1.90394957,0.32235225,-2.28091573,0
-0.19965612,-1.81419628,1.41177889,0
1.45663014,-0.36165712,-1.3444121,0
-0.88771016,-0.57264541,1.341635,0
-1.64371019,1.05572498,1.09054841,0
2.78501495,-2.31832883,-1.49898818,0
0.16305035,1.54203953,-1.19276097,0
-1.31106886,1.16236326,0.65890558,0
0.94378392,-0.52260186,-0.6812126,0
-1.80682067,0.55350889,1.59853201,0
1.46558675,-1.01849177,-0.92154255,0
-0.6893612,1.6903822,-0.36433046,0
-0.09773949,0.71002228,-0.36143855,0
-2.01885857,0.30446061,1.99293449,0
2.22520931,-2.49350842,-0.77539277,0
0.09545732,3.24838579,-2.24314647,0
1.50790819,0.40457128,-1.90477392,0
-1.51659492,0.96686772,1.01096244,0
-1.822773,-0.04587648,2.0106278,0
1.10283877,-1.47317395,-0.2279626,0
0.67834512,-0.94188888,-0.11666924,0
0.81306801,1.34445344,-1.76886141,0
-1.66801525,-0.14846305,1.91005104,0
2.11441239,-1.59493181,-1.24682923,0
1.28657406,2.26270661,-2.88809272,0
1.05384183,-1.37567541,-0.23894218,0
-1.3134235,1.18694666,0.64527287,0
-3.05966088,-0.68965748,3.77848957,0
-1.31813871,-0.78671845,1.95028013,0
0.42084725,-1.24021689,0.35958108,0
-2.69297151,-0.77800208,3.43827263,0
1.0690288,-1.54495363,-0.1439535,0
1.04507631,1.5837401,-2.17853227,0
-0.04072244,0.59647795,-0.34860471,0
-1.5456892,1.41974137,0.74430378,0
1.33688584,-1.0252564,-0.77725584,0
3.48280196,-2.33713346,-2.2447373,0
1.56298797,-0.43641677,-1.41073035,0
-2.40345245,-0.45252604,2.90935173,0
1.60192993,-1.09764636,-1.01754482,0
1.35544434,-0.2726783,-1.29307813,0
2.04643441,-2.4909357,-0.5828512,0
0.51951091,1.1176225,-1.30052233,0
-1.07053327,1.38193661,0.25295345,0
1.36265956,-2.32086313,0.04804668,0
1.39901858,0.79799147,-2.04557935,0
0.10520794,0.52037975,-0.45703629,0
1.8147335,-0.77030985,-1.46434095,0
0.01220574,-1.31102333,0.85019751,0
-0.13255039,0.97397825,-0.49746228,0
0.99256635,-0.93177056,-0.4647295,0
1.47307112,-1.93707757,-0.32468037,0
-0.7152823,1.11863149,0.04039565,0
0.67324019,0.87105815,-1.30515583,0
-1.66834952,0.46195694,1.50838283,0
-1.67174623,0.6939568,1.35927484,0
1.261837,0.57558831,-1.7500559,0
-1.45260076,0.95277501,0.9507155,0
-1.03569358,-0.08978107,1.18439516,0
-2.26516343,-0.46433232,2.76687877,0
-1.48590863,1.14081049,0.86306107,0
1.39200455,-1.70211059,-0.3913555,0
-1.53851665,0.87454049,1.09558808,0
1.78241029,-1.30092136,-1.07975392,0
2.00240574,-1.5937995,-1.1258816,0
1.48009184,-2.04802905,-0.25923402,0
0.81455407,-1.404005,0.03969831,0
0.44642815,1.5343973,-1.495613,0
-0.30819303,0.52968108,-0.01400893,0
-0.37056255,1.34991408,-0.48646274,0
1.34526242,-0.66266497,-1.02516481,0
0.41695502,0.13322527,-0.54075886,0
2.27321514,-2.39959296,-0.88940438,0
0.50863258,2.76910576,-2.37639386,0
1.18548216,1.46334948,-2.25178991,0
-1.26957387,-0.30035227,1.57718746,0
-1.21663272,1.24675855,0.50071831,0
-1.73397358,-0.15313614,1.98479144,0
-1.91028438,0.12135765,1.99556466,0
2.99265664,-0.64760402,-2.82495088,0
2.12578833,-1.65012503,-1.22283795,0
2.34443797,-2.94503117,-0.60755337,0
0.68356624,0.38457499,-0.99597011,0
-1.56150313,0.57238387,1.31956721,0
1.1992888,-1.38695796,-0.38953707,0
1.23266757,-0.56650503,-0.96616467,0
-1.27657907,-0.19839492,1.51764792,0
-1.30746862,1.66591227,0.32334934,0
1.11210008,0.49251404,-1.53265529,0
2.00122223,-0.49851359,-1.84596681,0
1.77898848,-1.16317091,-1.16676062,0
-1.08019695,2.30616971,-0.34526036,0
-2.0700219,0.04470371,2.21960225,0
-1.22045246,1.1031575,0.59944611,0
-2.15023161,-0.21102304,2.4751741,0
-1.82184422,0.30839726,1.7762889,0
2.79742351,-0.56532083,-2.66702619,0
2.70858068,-0.39357626,-2.68361337,0
-1.83454359,0.00769623,1.98813259,0
-0.03040381,-0.1898989,0.15810339,0
2.52822324,-0.20535469,-2.61162342,0
0.8278225,0.60273158,-1.29638322,0
-0.84201097,0.16299979,0.80747706,0
1.77231844,-0.65298827,-1.49552736,0
-1.1796737,2.0136184,-0.044502,0
0.68636815,1.13668239,-1.49436309,0
-1.61743544,0.78611774,1.23956854,0
-0.98968539,2.25087291,-0.40718041,0
-1.8320021,0.66260535,1.55403873,0
0.49401208,0.0454879,-0.56669499,0
-1.36470008,1.60798119,0.42368462,0
-0.07457457,1.73807793,-1.06369912,0
-1.72754719,-1.652486,2.96530269,0
0.66475762,-0.72058837,-0.24765834,0
0.34506632,-1.75156701,0.77869838,0
1.62763804,-0.82899094,-1.22241659,0
0.6953352,-1.71344865,0.37303169,0
-1.90501782,0.39065172,1.81248168,0
0.81284225,0.22261107,-1.02975459,0
-0.2884514,-1.06985292,1.01801824,0
0.6254551,1.69051184,-1.79294212,0
-1.67767639,-1.28843016,2.67134646,0
0.70036481,-1.38749233,0.15288758,0
-1.3728298,1.35237524,0.60086319,0
-0.75891358,3.7063353,-1.61649868,0
0.48541509,1.34764367,-1.41497304,0
-1.38452082,-0.11671339,1.58112822,0
1.0288417,-0.14406219,-1.02293815,0
-1.21101445,1.37318792,0.41134594,0
1.64518472,0.13126039,-1.87391612,0
-1.35258639,1.40309482,0.54546442,0
-1.47093358,1.14377656,0.84483743,0
1.94523783,-1.50788624,-1.12035332,0
1.08398028,-0.31892083,-0.96768089,0
1.60006958,-1.06499626,-1.03702741,0
0.27701517,1.52581735,-1.3058977,0
1.12312816,-0.31210577,-1.01470292,0
0.77434018,-0.65973847,-0.40679461,0
-1.02319338,2.67304692,-0.64882442,0
-1.23256242,1.71635031,0.20874576,0
-1.94515477,0.33416596,1.89329215,0
-2.20751046,-0.46340889,2.70363158,0
1.75974893,0.39357397,-2.17115176,0
2.77731968,-2.20441953,-1.56564971,0
1.6355306,-1.20848283,-0.98105291,0
1.98715605,-0.22075872,-2.0136175,0
0.06917251,-1.6711128,1.02546416,0
1.13120533,1.04596742,-1.91792519,0
0.7644509,-0.76485588,-0.32681824,0
1.56212205,-0.30253381,-1.4979668,0
1.1261905,-2.21444139,0.23487553,0
-2.10052406,-0.46414068,2.58787459,0
-2.53769471,-0.77156686,3.26532862,0
-1.18363661,1.85974306,0.06114815,0
-1.55117406,-0.30764237,1.8879428,0
0.99920661,-0.14364397,-0.99101555,0
0.70328761,-0.88796345,-0.1792849,0
-1.48891145,0.48879123,1.29575286,0
0.54149984,-0.3588855,-0.35196351,0
0.28209393,0.79372137,-0.82924675,0
-1.93898319,0.52157375,1.76315737,0
-1.46532512,1.48737898,0.61244243,0
-1.73676444,0.57324812,1.50941653,0
-0.62423659,2.6057958,-1.03799184,0
1.19276929,-1.6338915,-0.21981975,0
-2.09449336,0.16096215,2.1696206,0
-0.79646082,-1.73853577,2.01036628,0
1.26541756,1.28483169,-2.22106402,0
-1.09031892,1.70138431,0.06405736,0
2.18337373,-2.04585831,-1.02476791,0
0.09991996,2.37928971,-1.67559586,0
-1.37748225,1.57993401,0.45604452,0
0.69059415,0.42102085,-1.02760958,0
0.32833078,-1.11973623,0.38074841,0
-0.91445669,-0.51535655,1.3329634,0
2.17730104,-1.61481991,-1.30205812,0
0.98550505,-0.21808006,-0.92710436,0
-1.50498454,0.72961662,1.15460494,0
-1.39462047,1.49266397,0.53214222,0
0.8168031,-1.06792247,-0.18409401,0
-0.47988964,-0.7047075,0.98552271,0
1.54725239,1.81807719,-2.8784761,0
-0.06063068,1.78403792,-1.10911883,0
-0.05102537,-0.81786389,0.59409516,0
-2.10639742,-0.2147938,2.43003245,0
1.86257966,-1.69375427,-0.90813121,0
-1.38589993,1.0269091,0.82942036,0
1.04691663,-1.02259283,-0.46396334,0
-1.76698782,-0.55407318,2.28472379,0
-2.14297053,0.05496151,2.2921038,0
-1.29901364,1.38754162,0.49750207,0
-1.18515061,1.03410769,0.60656843,0
1.26590216,1.70638419,-2.49923108,0
2.34690126,-1.80340521,-1.36212099,0
0.27208336,-0.65325932,0.1346319,0
0.93333535,-0.92048115,-0.40781137,0
0.44134609,1.11497031,-1.21385077,0
-1.39282324,1.70006214,0.39359414,0
-0.93771251,2.62596012,-0.71068594,0
-1.97400271,-0.48091594,2.46145965,0
0.24812093,0.58784362,-0.65674158,0
-1.30938219,-0.99838963,2.080176,0
-0.84698195,2.54191063,-0.75390699,0
2.62227245,-1.80495389,-1.66028726,0
-0.19044689,0.23215052,0.05401974,0
-1.15464873,2.20070567,-0.19490959,0
0.79177191,-1.28044355,-0.0169286,0
-0.5870399,0.46909756,0.32885479,0
0.87834092,1.1928275,-1.73991633,0
2.48717662,-1.31388555,-1.83693255,0
1.1316975,-1.05961033,-0.5316961,0
-0.66674062,-1.67929728,1.8304121,0
0.2871514,1.32427631,-1.18417272,0
-1.98902104,-0.06904096,2.20651003,0
0.59762373,-1.1808853,0.12843971,0
-0.99770425,2.75222964,-0.72866882,0
2.34822604,-2.98362059,-0.58625349,0
0.34261702,0.43673592,-0.65988833,0
0.58125103,1.49011016,-1.6129277,0
-1.86966373,0.39079282,1.77397711,0
-1.19956194,1.57607718,0.26527719,0
1.88573582,-0.08850623,-1.99052948,0
0.08289197,-1.74976041,1.06235664,0
-2.22687461,-0.46884799,2.72825268,0
1.80875821,-1.23733683,-1.1502582,0
1.12125869,-0.35021085,-0.98757521,0
0.95945237,-0.66013248,-0.60765646,0
-0.69093873,-0.2907972,0.94221679,0
2.05747256,-0.80313586,-1.70645326,0
0.22592398,0.92071698,-0.85186015,0
-1.67645396,0.52804254,1.47366323,0
0.06871853,-1.461991,0.88822677,0
-1.85992217,-1.0291172,2.69856626,0
1.38652076,-1.23636448,-0.69214456,0
-1.71841355,0.96850184,1.2291588,0
-1.41339433,0.67737992,1.08949752,0
-1.71757962,0.99902191,1.20815179,0
1.73620406,-1.59702111,-0.83453606,0
1.14174539,-0.08621322,-1.18370633,0
1.51963611,-1.41124346,-0.72159437,0
-2.18508291,-0.71148724,2.84265238,0
-1.32821783,1.67730293,0.33839096,0
1.87844542,-1.62455497,-0.97094475,0
0.62092988,-0.49144853,-0.35095503,0
-0.37689256,-2.04548541,1.75667372,0
2.47409575,-1.30504151,-1.82854521,0
0.41344295,-0.19659769,-0.31971689,0
0.38812763,-1.06329787,0.278609,0
-2.06309887,0.25336863,2.07465076,0
-1.03565132,1.70268676,0.0038041,0
1.00111023,-0.4328504,-0.8026083,0
-0.09108882,0.0722249,0.05139814,0
-1.71392012,0.759995,1.36160237,0
-1.25744885,-0.88050974,1.94611389,0
-1.71845362,0.31510103,1.65954152,0
1.04500899,-2.09896192,0.24702146,0
2.41770229,-1.69600476,-1.50978062,0
0.9496507,-0.82543496,-0.48813651,0
0.52614672,-1.95524502,0.71610277,0
-0.73785736,2.90882682,-1.11412535,0
-1.59962678,-0.42079739,2.0151114,0
1.2647113,-0.83895288,-0.82154158,0
0.24241009,-1.37467728,0.64200767,0
2.07518468,-1.66300559,-1.15937459,0
-0.89788291,1.93740644,-0.30046876,0
-0.63504604,-0.39882004,0.9526357,0
0.21577773,-2.163302,1.19034289,0
-1.38644846,0.62619694,1.09393113,0
2.36747984,-0.98028065,-1.92660096,0
-0.02097678,2.13959532,-1.38637736,0
1.55510931,-1.01792612,-1.01917989,0
2.01284423,-1.97510403,-0.8860902,0
2.09505118,-1.11972541,-1.53877137,0
-0.78320346,-1.70550112,1.97420527,0
0.77521749,2.37094306,-2.40379829,0
2.9459634,-0.80632071,-2.66968635,0
-1.86366534,0.09735615,1.96072158,0
-0.02526871,-0.47250132,0.33865021,0
0.93622894,-1.30614901,-0.15694879,0
-1.51967839,0.87939524,1.07192322,0
0.44721521,-1.56238024,0.54311416,0
-1.5418389,0.72764519,1.19594501,0
1.79868469,-1.57393782,-0.91762322,0
-1.8140782,0.32294072,1.75827272,0
-0.08771727,2.04226668,-1.24976287,0
-1.68689413,0.36413879,1.59295568,0
-1.8330623,0.73546103,1.50720682,0
-1.28541179,1.43294212,0.45282245,0
-1.50848339,1.21815975,0.83664484,0
1.46843967,-2.19002912,-0.15305083,0
1.25906195,-1.45251051,-0.41130577,0
1.56394951,-0.46465093,-1.39317963,0
2.23335379,-1.0045385,-1.76489864,0
-0.59171811,0.83718807,0.09150787,0
-1.57610594,0.49388908,1.38713072,0
1.51520363,-2.55234948,0.0347703,0
-0.44073992,-0.61696317,0.88519751,0
-1.42453095,1.31092794,0.68433343,0
1.3054317,-0.48056323,-1.10182421,0
1.79038547,-1.01236788,-1.27846431,0
1.17252049,-1.72272043,-0.13931574,0
-1.86147501,0.39492904,1.76235603,0
-0.94401655,2.21817217,-0.43526168,0
0.55797685,0.54660352,-0.96623362,0
-0.90117386,2.1426509,-0.43207016,0
1.45016694,-1.75216796,-0.42157948,0
-1.90699854,-0.17216899,2.18531553,0
0.96408021,-1.24739085,-0.22590772,0
2.20708649,-0.68117275,-1.949333,0
1.66716076,-1.22787769,-1.00264483,0
-1.64263831,-0.82687778,2.32929312,0
-0.59998225,-0.88498481,1.23473459,0
1.13911809,-0.57045778,-0.86192136,0
-1.66536208,0.92790074,1.19825972,0
-2.74438329,0.32250284,2.76932229,0
1.21356134,-1.47188278,-0.34911124,0
2.45833258,-1.49567784,-1.68586296,0
-0.62931401,0.30638181,0.48195185,0
0.49684779,0.69475255,-0.99739099,0
-0.92563761,0.42673303,0.72463752,0
0.54978718,0.50130159,-0.92749917,0
-1.34263101,1.05168438,0.76609204,0
-1.60241674,0.82189628,1.1996867,0
-0.47819547,-1.61708514,1.58458708,0
-1.76032079,0.08642984,1.85563565,0
0.71153124,-0.86954717,-0.2003707,0
1.89159924,-0.85166375,-1.49427345,0
2.2575777,-0.44570384,-2.15927408,0
0.56260053,-1.18501513,0.16921181,0
-1.70577991,0.54794717,1.49241592,0
-1.60073383,0.57804746,1.3584606,0
-0.64788273,2.82014863,-1.15347657,0
1.09415002,-0.11794563,-1.11109531,0
-1.12263479,1.3679724,0.31875791,0
-1.42539757,1.51291064,0.55224628,0
-1.05616575,1.26031853,0.31744278,0
-0.19636941,3.45945645,-2.0650957,0
-0.64590022,-1.21957088,1.50498691,0
-1.56056793,0.78894126,1.17592332,0
-3.84173591,0.06451482,4.1314925,0
-1.91094534,0.20148346,1.94351078,0
0.5874355,-0.73561561,-0.15375198,0
1.73637662,-0.18900661,-1.76206217,0
2.11252255,-1.5884815,-1.24902421,0
2.33532403,-1.41040052,-1.60838105,0
2.13386127,-2.20254276,-0.86777879,0
0.89496811,2.34038389,-2.51377867,0
0.97616072,0.94710183,-1.68435747,0
1.08793364,-0.6497775,-0.75406919,0
-0.42941381,0.1095774,0.39438179,0
-0.76862706,1.17410948,0.06181524,0
-3.2571651,-0.33927584,3.76230826,0
-1.43103591,0.73922997,1.06792948,0
1.40776544,0.73783615,-2.01546351,0
2.56320078,-2.09875199,-1.40260721,0
0.77590761,0.2882557,-1.03286022,0
-1.03836944,1.67842616,0.02273568,0
-1.17353259,-0.34095032,1.49957864,0
0.57630821,-0.68057767,-0.17791113,0
0.41207549,1.26518264,-1.28098075,0
3.17290826,-2.29070522,-1.93862119,0
0.29886138,0.49633343,-0.65160032,0
1.08395002,1.36909203,-2.0793976,0
1.40316888,-0.6812879,-1.07581389,0
1.12114713,0.19577396,-1.34704747,0
1.51520515,1.17124447,-2.41764395,0
1.21122392,-0.67669503,-0.87029377,0
2.10301052,-1.33021211,-1.40878949,0
-0.11744983,2.19147986,-1.31573288,0
-0.58288729,-0.82444101,1.17628618,0
1.37281197,-1.4322447,-0.54824064,0
1.51972644,-1.47281201,-0.68114259,0
1.11071755,0.93962157,-1.82562466,0
0.82326532,-0.14388579,-0.79969898,0
0.38464163,0.99923666,-1.07601847,0
0.46652952,-1.89638975,0.74211295,0
-0.56305845,1.38084628,-0.2976915,0
0.65606619,0.76228735,-1.21485855,0
-1.41673878,1.96209986,0.24699616,0
1.02441431,0.46493023,-1.41921905,0
-1.83384487,0.87226577,1.4179555,0
-3.08583358,0.24851214,3.18903376,0
1.01580151,-1.56133371,-0.07533476,0
0.07100229,0.54194005,-0.43407234,0
2.33463602,-0.05453685,-2.50062488,0
2.1204752,-0.36906018,-2.06079308,0
1.48191802,-1.09260674,-0.89047303,0
-2.77188869,0.79047675,2.4909921,0
-1.03396843,0.14083134,1.03063615,0
-0.89559398,-2.28172207,2.47582315,0
0.70428265,-0.31227738,-0.55952113,0
2.07369962,-1.18932892,-1.46973137,0
-0.04918382,1.90862032,-1.20360742,0
-0.92107707,2.14274066,-0.41050477,0
-1.18050185,1.59108649,0.23468337,0
1.51105022,2.27226487,-3.13827758,0
0.08991602,1.34757399,-0.98522391,0
1.04011542,0.33729903,-1.3522183,0
2.351815,-2.1079425,-1.16688703,0
0.08996183,-0.90906254,0.50097963,0
0.23288394,2.3141651,-1.77716703,0
-2.13168687,-0.21355141,2.45669076,0
0.27079894,-2.80744511,1.55480519,0
1.29167482,-1.19573127,-0.61585761,0
-0.92157554,2.69397175,-0.77301192,0
1.02113843,-3.04561814,0.89643785,0
1.91494565,-1.58415219,-1.03721151,0
-1.25906449,1.25861078,0.53901368,0
0.13791672,-0.60300317,0.24730232,0
2.6619132,0.03637461,-2.91608176,0
1.18350209,-0.91623062,-0.68241288,0
0.68147243,-1.12846838,0.00281694,0
-1.44263872,0.98784605,0.91679361,0
-1.47210405,0.77242139,1.09068899,0
2.56573566,-1.80825435,-1.59668724,0
-2.21377747,-0.26239933,2.57805279,0
-1.52606986,0.77716865,1.14619534,0
1.41292847,-0.57311695,-1.15766046,0
-1.08646552,1.85175862,-0.03916797,0
0.99533736,-1.45953369,-0.12014776,0
1.37472892,-1.65043169,-0.40662229,0
-1.78422157,0.36027715,1.70124367,0
-1.5619444,0.77106519,1.18919227,0
-0.1084052,0.49052907,-0.20528905,0
-1.60884127,1.12337107,1.00811122,0
2.82503657,-2.05300474,-1.71721728,0
-1.55428186,1.51564404,0.69047668,0
-1.75882952,-0.02129786,1.92496643,0
-1.71436171,0.92238339,1.25513081,0
-1.77883462,1.43579612,0.98703856,0
0.64493059,-0.56607249,-0.32788298,0
-2.1019601,0.0178936,2.2719601,0
0.90327241,0.53553678,-1.33410285,0
-0.91887353,3.4481312,-1.27264789,0
2.09751304,-0.43544452,-1.9921234,0
-0.38836111,-0.12329644,0.50315278,0
-1.23135583,1.66595835,0.2406237,0
1.66781015,-0.48326124,-1.49376549,0
-1.82983097,0.63114699,1.57239876,0
-1.63301565,0.03864117,1.74879501,0
1.96474445,-1.05992056,-1.43658359,0
-0.54060593,1.69610152,-0.52971744,0
-1.82160599,0.89032324,1.39276524,0
2.17619152,-3.33202186,-0.16987871,0
-0.65748128,2.58305103,-0.98689201,0
0.88825843,-0.57648963,-0.5853938,0
-0.23862703,-0.93051903,0.87211758,0
-1.47218554,1.3338258,0.7210285,0
-1.86064824,-0.55155836,2.384828,0
0.66787284,0.36750371,-0.96767609,0
-1.69198637,0.92326415,1.2302403,0
-1.96617047,0.34824484,1.90685281,0
1.12826908,-0.70539443,-0.76126286,0
-0.21732626,0.07550128,0.18639517,0
0.83631158,-0.49832082,-0.58043751,0
-1.90991667,0.62213123,1.66534846,0
-1.73524472,-0.75897109,2.38518413,0
1.50751209,-2.05986245,-0.28123203,0
1.21000773,-0.56553394,-0.9421847,0
2.30187643,-1.68627502,-1.39034588,0
-1.66206089,0.61306902,1.40202573,0
2.11958847,-1.1952683,-1.5156771,0
0.52405398,0.8187443,-1.10861282,0
-0.90369665,-0.97097381,1.62134889,0
-1.73656461,0.07986594,1.83414803,0
-1.49962003,0.82406349,1.08657242,0
2.11428115,-0.13499395,-2.20822274,0
-0.76887426,-0.53107452,1.18514256,0
0.52965846,-0.84248569,-0.020592,0
-2.31399294,0.15469945,2.41222799,0
1.96023443,0.38781103,-2.38518039,0
-1.37088635,0.90748576,0.89176228,0
1.46075132,-3.09166868,0.44913523,0
-2.19443089,-0.04901124,2.41649258,0
-0.62505127,2.44624407,-0.93202365,0
-2.56791125,0.02993826,2.77027558,0
2.00771489,-0.89821753,-1.58977021,0
0.82007336,-1.14168874,-0.13906357,0
0.16689674,0.22078467,-0.32674252,0
-0.16306177,1.10279843,-0.54915499,0
2.10835095,-0.11834948,-2.21274196,0
-1.65257066,1.00425858,1.13407167,0
-3.00219883,0.82774381,2.71667566,0
1.76928566,0.17334086,-2.03646456,0
2.97435936,-2.4742356,-1.60202534,0
1.8311199,0.48396132,-2.30822555,0
1.74197332,-1.95484409,-0.60513689,0
-1.72537368,0.61980198,1.46637962,0
-1.02714831,2.0225945,-0.21613013,0
-1.45981711,1.06928457,0.88182106,0
-0.88539901,-1.07839481,1.67221782,0
-3.54043317,-0.11519469,3.9224913,0
-0.31480279,1.68355004,-0.76678225,0
-1.77862162,0.59325659,1.5417158,0
-0.76287949,0.37191301,0.58390876,0
0.93441202,0.56585249,-1.38790189,0
1.09685925,-0.30285138,-0.99225725,0
0.4467344,1.7917491,-1.66544134,0
-2.56679118,0.52655212,2.4419816,0
-1.37207726,-1.29076929,2.34085862,0
2.96390414,-1.98527186,-1.91270447,0
-0.50744881,3.01909902,-1.43708731,0
-2.60558873,-1.54268289,3.84696247,0
-0.32808492,1.92937347,-0.91425428,0
1.1451605,1.23065134,-2.05472274,0
-0.38986978,0.35883532,0.187253,0
0.27067179,-1.16544605,0.4734991,0
-0.2057554,-1.75648339,1.38039511,0
1.28024122,-0.69422921,-0.93373167,0
-0.26711022,-1.62165619,1.35825698,0
2.97124568,-3.97566913,-0.60977663,0
-1.46444842,1.44154284,0.64167825,0
0.50517526,-0.16452874,-0.44050361,0
-0.83652615,1.99392008,-0.40435258,0
-1.67636336,0.88026035,1.24158908,0
-1.8575469,-0.25933559,2.18899632,0
-0.48347805,2.04374324,-0.82074778,0
-2.34201709,-0.1230582,2.62561096,0
-1.71552582,0.4186805,1.58814158,0
-1.39686831,0.31320094,1.31139579,0
-0.28217695,-1.03307557,0.98697906,0
-0.86237395,1.83985758,-0.27480158,0
0.01645412,0.56764048,-0.39173332,0
-0.55606643,-1.33408525,1.48280478,0
0.1542844,1.71732033,-1.29867936,0
-1.59089151,0.42880505,1.44606028,0
-1.54148666,-0.3986313,1.93734422,0
1.42882813,0.24715665,-1.7151792,0
1.51535917,-1.03581866,-0.96420772,0
-1.49655497,-0.12448244,1.70796829,0
1.21256555,0.35127568,-1.54878774,0
0.22709577,-1.04611494,0.44225055,0
-0.21231846,2.49928089,-1.41538187,0
-0.0905937,1.95171939,-1.18700192,0
-0.14766257,1.71410686,-0.96850252,0
1.58580589,0.27283181,-1.90264299,0
-2.54427766,-0.49869589,3.09276413,0
0.86556751,-0.81942088,-0.40074248,0
-0.31782563,-0.1033011,0.41334791,0
-0.30883875,0.3167058,0.12696122,0
-0.4676663,2.84390645,-1.36492599,0
-2.24166524e+00,1.33886121e-03,2.43465063e+00,0
2.64095186,-2.424314,-1.27266265,0
1.4735243,-0.74411223,-1.11087689,0
0.6804283,-1.07551072,-0.03092731,0
-2.25477379,-0.45411093,2.74885864,0
0.54450086,2.04079725,-1.93568969,0
1.47979601,-1.3199247,-0.73845261,0
-0.39037514,-0.71239558,0.89333016,0
-0.05332718,-0.88205672,0.63887436,0
-2.06695748,-0.0977067,2.31006635,0
-0.85182325,-0.88739439,1.50994268,0
-1.69056056,0.28465013,1.64929157,0
-1.61594094,0.19039231,1.63029814,0
-4.29255617,0.51236343,4.32634176,0
-1.59288387,1.15548479,0.96962321,0
-1.32351859,1.45190554,0.48173529,0
-0.79190015,2.58071235,-0.83930783,0
-1.75693568,0.44896325,1.61318806,0
-1.48276968,1.06202194,0.91154193,0
-1.13882139,1.58817588,0.1913152,0
0.39777934,1.96334119,-1.72526549,0
-1.22748962,1.18899961,0.55055501,0
-1.4654485,-0.26273121,1.76522425,0
1.07739999,-0.76858695,-0.66437493,0
3.74505573,-2.25832091,-2.58157879,0
-0.08269084,-1.28143926,0.93381659,0
0.39841596,-0.06303994,-0.39135338,0
0.76219692,-0.52729284,-0.48083176,0
0.2029759,-1.2348242,0.59274302,0
0.20897937,0.77384079,-0.73671534,0
0.31126642,-1.33966542,0.5441371,0
2.98195618,-2.2563744,-1.75376567,0
-1.46240789,0.7595282,1.08864591,0
-1.43604522,1.5802115,0.51948946,0
1.40391051,1.13184685,-2.27077632,0
-1.26272331,1.11946661,0.63463128,0
1.43200299,-0.50954284,-1.22025545,0
0.48025852,0.19671082,-0.65134957,0
1.00757529,-0.58973433,-0.70630646,0
0.57421649,-1.09958365,0.10032485,0
0.80878633,2.02390613,-2.21170677,0
-0.28476951,-0.15951546,0.41445657,0
-1.56318324,0.77020059,1.19110768,0
1.82054167,-0.13987848,-1.8858626,0
-1.09996964,1.5603048,0.16745971,0
0.71953522,-1.57807785,0.25758162,0
0.45590886,0.15605684,-0.59811876,0
-1.71646759,0.70951858,1.39761466,0
0.14600825,-1.40430345,0.76625891,0
0.89115297,2.84933778,-2.84483794,0
-1.75012989,-0.04216062,1.92925493,0
-0.25117303,-0.68877318,0.7265313,0
-0.05608692,0.02087806,0.04718693,0
3.05031149,-1.84509561,-2.09890673,0
-1.07527415,2.1010444,-0.21551042,0
-1.2147267,1.3843653,0.40801766,0
0.40692209,-0.60342334,-0.04469086,0
1.77590037,-1.29151469,-1.07887637,0
2.36020569,-1.41979632,-1.62922636,0
-1.14601556,-0.43265008,1.53007663,0
-0.22032448,0.63536206,-0.17907968,0
2.06264299,-2.07399543,-0.87506443,0
-1.29378039,1.41204314,0.47567916,0
-2.45180355,0.35911016,2.42732911,0
-0.5366125,1.61709233,-0.48201964,0
-0.85824349,1.87512442,-0.30251651,0
1.75829693,-0.96362548,-1.27570307,0
0.81422322,0.94578652,-1.50754876,0
0.9398873,-0.0723404,-0.97352767,0
-0.06434495,0.18377318,-0.05112593,0
0.15594227,-0.9778877,0.4746222,0
1.20856679,-1.54303949,-0.29681991,0
0.67087453,-1.54793984,0.29060133,0
2.78859228,-3.58511893,-0.6685487,0
0.39805828,0.50846326,-0.767365,0
-1.89457516,0.05667265,2.02109933,0
0.40259496,-1.18881637,0.34555878,0
1.86954737,-1.31303947,-1.16644577,0
2.55319895,-1.51866187,-1.7737961,0
1.37634993,-2.00904979,-0.17219245,0
0.14745697,-0.7972174,0.36484929,0
0.40042028,0.05374883,-0.4704498,0
1.49164107,-0.03848488,-1.5952968,0
0.51741983,1.58472617,-1.60589161,0
2.40819673,-1.99906879,-1.29985065,0
-0.08862625,0.11116846,0.02307381,0
1.7740177,-3.5717185,0.42494419,0
1.97759068,-1.14799933,-1.39253086,0
1.84981574,-1.81911799,-0.81169707,0
-1.73452552,0.45202498,1.58682329,0
1.00252999,1.18912606,-1.8724079,0
-0.07114064,1.60426276,-0.97929742,0
-1.83277137,0.12289645,1.91033458,0
-0.94325694,2.21602855,-0.43467516,0
2.42247003,0.45267792,-2.93011405,0
-0.31993275,2.62007956,-1.37802046,0
0.68528432,-1.09650543,-0.02237588,0
1.60137088,0.49903638,-2.06853568,0
-0.37195861,0.19493112,0.27574247,0
-1.41786995,1.42531369,0.60176026,0
0.04277878,1.80738725,-1.23684971,0
0.14542588,-0.98913622,0.49345654,0
0.57193237,0.09148919,-0.68165121,0
-3.36618924,0.23654123,3.50151979,0
0.95056823,-0.24919018,-0.86865651,0
1.91479748,1.77968458,-3.25252187,0
-1.16965888,1.55484633,0.24677096,0
0.99277213,-0.47275716,-0.76726592,0
0.75934591,0.73599983,-1.30975693,0
2.05341474,-0.92072449,-1.62459894,0
0.10947623,-0.32950556,0.09807298,0
2.45140598,-0.88115159,-2.08307316,0
1.99643903,-0.93449711,-1.55362492,0
0.25859147,0.67013592,-0.72231655,0
-1.70544988,0.83674441,1.30185132,0
-1.9791438,0.0877695,2.09250093,0
1.15961885,-0.80467364,-0.72993716,0
0.70476214,-0.84559536,-0.20879119,0
-0.34672731,-0.3264054,0.59168882,0
2.22234285,-1.5371326,-1.40216129,0
-1.52439246,1.0551675,0.96127883,0
0.72945855,-1.56047163,0.23520436,0
-0.69423497,-0.93904979,1.37274659,0
0.86171246,-2.19966448,0.51249429,0
-0.71801416,0.95370753,0.15198507,0
-1.46596429,-1.69666667,2.7101952,0
-1.20050704,2.17425211,-0.1276626,0
-1.38738654,1.30293274,0.64924239,0
0.42981925,0.17755525,-0.58393198,0
2.50908052,-0.30978877,-2.52204338,0
0.01110289,2.43252763,-1.61416084,0
1.06167995,-2.04177198,0.19124262,0
-1.32820072,1.68643159,0.3323601,0
0.92219185,0.42103087,-1.27924327,0
-2.34786171,-1.21315794,3.34991643,0
1.10355646,-0.11651512,-1.12225741,0
0.83067575,1.1911075,-1.68699609,0
-1.57112692,1.07601864,0.99832219,0
1.58244743,-1.73748466,-0.57497069,0
0.47283607,-1.26091193,0.31672614,0
-1.14186552,2.06294743,-0.11806878,0
-0.02817344,2.75989063,-1.78709373,0
-0.45501526,1.07432766,-0.21320107,0
-1.33404682,1.43668495,0.50319854,0
-0.84113191,2.71076114,-0.87147033,0
0.54887999,-0.69186841,-0.14067458,0
2.36344026,-2.75713554,-0.75194981,0
1.88511888,-2.18340826,-0.61012654,0
-1.70083215,0.84330809,1.29251131,0
-2.14796281,-0.90432072,2.92932492,0
-0.17796442,1.35356775,-0.69812379,0
-0.29752153,-0.05940208,0.36237532,0
1.64586141,-1.16129867,-1.02335332,0
0.27293675,1.64949005,-1.3829192,0
-1.61814908,0.74117671,1.26994271,0
2.63325419,-1.6407632,-1.7803571,0
1.42556282,-0.0506869,-1.51546744,0
1.64116936,-1.02964478,-1.10496464,0
-1.56295941,0.10660779,1.62791627,0
2.4880693,-1.93845916,-1.42654926,0
-1.38090685,1.52575164,0.49545059,0
0.3532703,-2.12510088,1.01579968,0
-1.83360546,0.35622515,1.75756717,0
-1.12213131,2.08402624,-0.15339248,0
3.09509523,-1.28106093,-2.51904489,0
1.01001029,-0.68633465,-0.64532969,0
0.9218249,-0.57706854,-0.62148194,0
-0.26132729,2.56763953,-1.40715656,0
2.10321329,-0.49497055,-1.95911192,0
1.7967859,-1.79246579,-0.77163455,0
-1.45835533,1.38257887,0.67389273,0
-0.96784128,1.80849869,-0.13955965,0
-1.44953857,1.7042029,0.45248724,0
1.95735205,-2.60408909,-0.41154024,0
1.28149348,-0.26530535,-1.21758767,0
1.35116573,-2.779246,0.3624321,0
0.15114384,0.63184358,-0.58035658,0
1.59463276,-1.45850406,-0.77195049,0
0.70229841,-0.67258507,-0.32006146,0
2.38841648,-1.6020344,-1.5398523,0
1.51295761,0.28738122,-1.83307697,0
1.78946168,-1.69609785,-0.82714622,0
0.14414008,2.20030623,-1.6057592,0
1.97298903,0.02190588,-2.15804767,0
1.93742582,-0.78949635,-1.58500762,0
1.0559876,0.90216398,-1.74149135,0
0.99717407,0.11925893,-1.16195888,0
1.97316704,-0.89293763,-1.55571196,0
0.77400135,-0.8354052,-0.29072984,0
0.18838301,1.14370043,-0.95793262,0
2.46165405,-1.37619283,-1.76816622,0
-2.0196426,-0.59633819,2.58706539,0
1.02525963,-0.82439636,-0.57096842,0
-1.80862372,0.46169904,1.66095829,0
0.56673275,-0.44366732,-0.32354013,0
1.32336464,-1.01656544,-0.76828928,0
-0.7490448,1.1507018,0.05595608,0
1.77181573,-0.52590638,-1.57867913,0
1.24510271,0.99197143,-2.00611028,0
1.84057807,-2.05121036,-0.64880112,0
-1.28889929,1.014366,0.73229183,0
1.04703418,1.09785544,-1.86064882,0
-0.82467215,-0.83959556,1.44896245,0
1.37738343,1.75968075,-2.65545553,0
0.93117757,-2.20510497,0.44060477,0
-0.82122814,2.62065874,-0.83375272,0
1.22081688,-1.06809132,-0.62293713,0
-1.40243978,0.96858351,0.88580471,0
2.84955242,-1.10967551,-2.36514357,0
-0.4292443,-1.69571602,1.58318986,0
2.9194483,-1.08322367,-2.45850585,0
-1.50884646,1.45042476,0.68406623,0
1.84145989,0.18128371,-2.12011195,0
-1.53736596,1.43068242,0.72805479,0
-2.72605787,-0.04486981,2.99136894,0
0.75012252,-2.23708091,0.65837792,0
1.6378653,-0.28596035,-1.59117611,0
1.61469162,1.66740708,-2.85251421,0
0.54646666,-1.13231198,0.15202994,0
-0.29130007,-0.47224377,0.62751928,0
1.19513506,-0.1008576,-1.23206832,0
-1.66403379,-0.64002789,2.22947693,0
-0.38293617,0.5179729,0.07490944,0
-1.18514783,1.69432759,0.17173507,0
-0.42284505,-1.69064642,1.57289827,0
0.62810402,0.15762168,-0.7862366,0
-0.47133196,2.47127315,-1.11552166,0
0.83797941,-1.99528597,0.40367323,0
-1.02270964,-0.29837213,1.30766938,0
-1.13575657,-0.18191349,1.35379168,0
2.63907964,-2.21359378,-1.40941189,0
2.21165499,-1.21877228,-1.6002258,0
-1.60267198,0.07427736,1.69235661,0
-0.76520866,-1.83560539,2.04034277,0
0.00454989,-0.04249232,0.02304268,0
-0.48520262,0.56003203,0.15831951,0
0.55509592,0.24879689,-0.7669638,0
1.32956609,-0.77615048,-0.93336781,0
-1.73411993,0.51986087,1.54170492,0
3.05997237,-2.36357992,-1.76792188,0
0.37444399,0.22928004,-0.55783437,0
2.00587128,-1.0278859,-1.5023657,0
-1.27994364,1.36540379,0.49136312,0
-1.33570157,1.11303236,0.71815865,0
1.62008605,-1.64956742,-0.67376799,0
-1.56537999,0.43827191,1.41210742,0
-1.584648,1.07029817,1.0167802,0
0.24373085,-0.82497129,0.27852841,0
-2.24389693,-0.80394053,2.96744392,0
-0.14938553,1.21046423,-0.63492425,0
2.12132782,-0.63133649,-1.88898048,0
2.93254638,-1.38727461,-2.27248438,0
-0.99439956,2.23310353,-0.39035537,0
0.75483579,1.01478166,-1.48846649,0
-1.61408714,1.05131076,1.06127073,0
-1.42396935,1.49660085,0.56143641,0
-0.97570097,2.32032418,-0.46811586,0
-0.07428271,1.09009876,-0.6372478,0
-1.56296699,0.90193437,1.10411097,0
0.43960771,-1.0963221,0.24442698,0
1.27318273,0.86593535,-1.95360959,0
-0.64374199,0.75732277,0.20063141,0
-0.36717531,-1.44503147,1.35064847,0
-1.112595,2.06168579,-0.14903978,0
-1.47369546,1.33534804,0.72166643,0
1.43754136,-0.33953739,-1.33824083,0
-2.34711832,-0.93311867,3.16467085,0
1.43550818,-0.71699668,-1.08743169,0
1.38092617,-0.53128247,-1.15044329,0
