0.6110394133,0.3580047037,-1.0000000000
0.2624310123,0.6764332279,1.0000000000
0.9156802533,0.2605234167,-1.0000000000
0.0514724890,0.3174628985,1.0000000000
0.1629541632,0.0799356549,1.0000000000
0.9027435959,0.2183062720,-1.0000000000
0.0152443993,0.4114266603,1.0000000000
0.9600728288,0.3726559588,-1.0000000000
0.8447038716,0.7513661362,-1.0000000000
0.6459747571,0.6068525650,-1.0000000000
0.7090834213,0.0676846381,-1.0000000000
0.0796770372,0.9860037845,1.0000000000
0.4224178754,0.0248232160,-1.0000000000
0.3077735845,0.3473435220,1.0000000000
0.4059492785,0.6870995301,1.0000000000
0.5513800505,0.8774481185,1.0000000000
0.2344105096,0.9194514392,1.0000000000
0.6351688209,0.1130697113,-1.0000000000
0.8815376458,0.4308926599,-1.0000000000
0.2902470784,0.0072841985,-1.0000000000
0.8642464170,0.3142062730,-1.0000000000
0.7674260376,0.4708984694,-1.0000000000
0.8796872295,0.7129005247,-1.0000000000
0.8457404926,0.9001770538,-1.0000000000
0.9699783883,0.2979292242,-1.0000000000
0.5186242591,0.2923041825,-1.0000000000
0.1538766474,0.2113144520,1.0000000000
0.1208374802,0.9446768498,1.0000000000
0.3626886197,0.6847462497,1.0000000000
0.3400436141,0.0241830315,-1.0000000000
0.7374179257,0.3104103117,-1.0000000000
0.8052783719,0.8719884366,-1.0000000000
0.2159121002,0.7085707772,1.0000000000
0.2867992092,0.4376563293,1.0000000000
0.6360356906,0.1663964217,-1.0000000000
0.6757982308,0.6667086531,-1.0000000000
0.1590389480,0.7784251768,1.0000000000
0.9758324740,0.0389500337,-1.0000000000
0.1438471258,0.3758416831,1.0000000000
0.4993813741,0.9061730627,1.0000000000
0.9614820182,0.5010675860,-1.0000000000
0.0677442711,0.6738151918,1.0000000000
0.4354050750,0.0224512130,-1.0000000000
0.1080703929,0.6895661433,1.0000000000
0.6643851601,0.3832735711,-1.0000000000
0.9567253183,0.4962545707,-1.0000000000
0.0353419310,0.6532321142,1.0000000000
0.9842760745,0.5831187621,-1.0000000000
0.6919971394,0.9579814583,1.0000000000
0.5599953467,0.8845696072,1.0000000000
0.0872336368,0.4462078201,1.0000000000
0.7066187320,0.1437277796,-1.0000000000
0.5396378560,0.4865423634,-1.0000000000
0.6906091169,0.4477718810,-1.0000000000
0.6642295444,0.9670331611,1.0000000000
0.0788389105,0.8634678892,1.0000000000
0.8827058321,0.7680032007,-1.0000000000
0.6494750821,0.2723691328,-1.0000000000
0.5866728115,0.7369787519,1.0000000000
0.7727146358,0.6464515616,-1.0000000000
0.7978381347,0.1402452216,-1.0000000000
0.7689203016,0.5160423171,-1.0000000000
0.1376181539,0.6995903293,1.0000000000
0.7437832126,0.9054520051,1.0000000000
0.5575864422,0.9091582371,1.0000000000
0.3848074661,0.9157086932,1.0000000000
0.5728747370,0.5142813120,-1.0000000000
0.4982119406,0.6197883482,1.0000000000
0.0279424883,0.0250231691,1.0000000000
0.1473001790,0.0709546895,1.0000000000
0.8138904958,0.4410058502,-1.0000000000
0.1930992038,0.4758478995,1.0000000000
0.9381007512,0.4846073463,-1.0000000000
0.0961009090,0.2993601934,1.0000000000
0.2000811393,0.3406857614,1.0000000000
0.6670598584,0.0238901188,-1.0000000000
0.9054375898,0.2173234252,-1.0000000000
0.6211065403,0.4931672117,-1.0000000000
0.0140889790,0.9920879660,1.0000000000
0.4072032112,0.2254301292,-1.0000000000
0.4011759325,0.6170838193,1.0000000000
0.2807799142,0.4686265897,1.0000000000
0.6331944812,0.2397040168,-1.0000000000
0.8465661219,0.5253746809,-1.0000000000
0.1793877646,0.1219355848,1.0000000000
0.9460300067,0.6659403221,-1.0000000000
0.1154276906,0.4974040696,1.0000000000
0.3993001414,0.0214748812,-1.0000000000
0.6457763936,0.0967043205,-1.0000000000
0.2130073719,0.3801943808,1.0000000000
0.0539572936,0.5978476711,1.0000000000
0.0091113717,0.3067373681,1.0000000000
0.1098986564,0.7844386132,1.0000000000
0.5749644326,0.9976442635,1.0000000000
0.0213966745,0.6679910597,1.0000000000
0.7938006423,0.7853979338,-1.0000000000
0.4453960150,0.5710554586,1.0000000000
0.5217047350,0.5839024515,1.0000000000
0.7438222286,0.1010073914,-1.0000000000
0.8154708311,0.9817924677,1.0000000000
0.5151980401,0.2494284800,-1.0000000000
0.2885276749,0.1433802961,-1.0000000000
0.5154115909,0.8638582675,1.0000000000
0.3297924852,0.6714173405,1.0000000000
0.6118218404,0.4823232445,-1.0000000000
0.7707489971,0.3963020707,-1.0000000000
0.8333413785,0.2320872535,-1.0000000000
0.0203186399,0.4764592962,1.0000000000
0.8473471692,0.5885604179,-1.0000000000
0.2748875343,0.3951761258,1.0000000000
0.8162397835,0.0326583338,-1.0000000000
0.6228445148,0.7617294924,1.0000000000
0.6323004740,0.5816117947,-1.0000000000
0.3685980239,0.9726793146,1.0000000000
0.0452395208,0.2819112685,1.0000000000
0.9640448239,0.0128763165,-1.0000000000
0.5650163132,0.0801516844,-1.0000000000
0.8319331946,0.5203311981,-1.0000000000
0.8566032493,0.5103479669,-1.0000000000
0.8523953527,0.0405806318,-1.0000000000
0.0453263750,0.6034125842,1.0000000000
0.7542607189,0.2004096120,-1.0000000000
0.1487436199,0.9290136327,1.0000000000
0.1463088664,0.7302538017,1.0000000000
0.1812068454,0.5257133759,1.0000000000
0.6664480450,0.4531435638,-1.0000000000
0.7998521401,0.1956907435,-1.0000000000
0.3699315399,0.4299040009,1.0000000000
0.0508768382,0.1945356641,1.0000000000
0.5341438180,0.9051939745,1.0000000000
0.5114973920,0.0315766154,-1.0000000000
0.6291218450,0.3944294494,-1.0000000000
0.8805446276,0.6189554766,-1.0000000000
0.9880399881,0.2891363444,-1.0000000000
0.3352118494,0.8960805521,1.0000000000
0.8688854487,0.3905135398,-1.0000000000
0.5089308622,0.8011296538,1.0000000000
0.2426773658,0.3611056498,1.0000000000
0.5073501138,0.0794531165,-1.0000000000
0.4697222222,0.0202483443,-1.0000000000
0.8418648336,0.2901401700,-1.0000000000
0.5758388050,0.8538973285,1.0000000000
0.8921380873,0.8035052039,-1.0000000000
0.0281577010,0.9268005454,1.0000000000
0.2888377893,0.9919621845,1.0000000000
0.1279528374,0.5123280741,1.0000000000
0.8192209824,0.8674381994,-1.0000000000
0.5933175953,0.4784961669,-1.0000000000
0.3573853614,0.4637002771,1.0000000000
0.2958732257,0.1428984734,-1.0000000000
0.8623168046,0.7611816208,-1.0000000000
0.6616004418,0.8034345578,1.0000000000
0.8469098078,0.1899225636,-1.0000000000
0.6957349076,0.4118459839,-1.0000000000
0.2498771372,0.0857386246,-1.0000000000
0.0031811759,0.8332281245,1.0000000000
0.7266716489,0.7146818393,-1.0000000000
0.5345346219,0.9927411996,1.0000000000
0.1394136490,0.5627321904,1.0000000000
0.3728879289,0.7570127346,1.0000000000
0.2704570368,0.6661246826,1.0000000000
0.8288564446,0.5231601970,-1.0000000000
0.8248140650,0.1801477776,-1.0000000000
0.0080077959,0.1246679613,1.0000000000
0.4660809646,0.2906716232,-1.0000000000
0.6515524568,0.4328307036,-1.0000000000
0.7158996072,0.3338219695,-1.0000000000
0.9041120600,0.8249621884,-1.0000000000
0.9177655325,0.1725225191,-1.0000000000
0.9386947192,0.0632179268,-1.0000000000
0.3047905700,0.7093867080,1.0000000000
0.1041757515,0.0389041528,1.0000000000
0.0691582395,0.6974079169,1.0000000000
0.8610780034,0.6408628175,-1.0000000000
0.5765425160,0.7691392943,1.0000000000
0.0905393095,0.1739306854,1.0000000000
0.5500002362,0.9619926020,1.0000000000
0.7283829654,0.6707777932,-1.0000000000
0.2541773011,0.7917161496,1.0000000000
0.9881988679,0.1240872275,-1.0000000000
0.1920613362,0.3965294757,1.0000000000
0.2082558142,0.7686198295,1.0000000000
0.2917295348,0.8677414609,1.0000000000
0.7319030906,0.6362576230,-1.0000000000
0.4872902649,0.9899211860,1.0000000000
0.9925091332,0.7485267167,-1.0000000000
0.0294051443,0.0072199487,1.0000000000
0.0932564618,0.0914849432,1.0000000000
0.6551617537,0.3018573409,-1.0000000000
0.0861455650,0.6204576871,1.0000000000
0.3209259413,0.1163493261,-1.0000000000
0.4102770558,0.9335780461,1.0000000000
0.0673513790,0.6101673741,1.0000000000
0.2386090631,0.6228045435,1.0000000000
0.1189226717,0.6421857417,1.0000000000
0.4465481844,0.9911169556,1.0000000000
0.2304689539,0.1972744903,1.0000000000
0.4049159715,0.4729794211,1.0000000000
0.7232386848,0.3794305241,-1.0000000000
0.1980476379,0.2423400844,1.0000000000
0.9739188330,0.1233272737,-1.0000000000
0.6723907277,0.3843440979,-1.0000000000
0.1091026325,0.7301509328,1.0000000000
0.4497803257,0.7171882959,1.0000000000
0.4102002990,0.6623512367,1.0000000000
0.1753142796,0.6450899265,1.0000000000
0.0830762492,0.5830598680,1.0000000000
0.8615205595,0.8563404165,-1.0000000000
0.7219666448,0.0437800110,-1.0000000000
0.7661552061,0.5170622029,-1.0000000000
0.4152357486,0.5079214351,1.0000000000
0.6692840941,0.9006394874,1.0000000000
0.0570115982,0.9013853560,1.0000000000
0.3425384191,0.6689713655,1.0000000000
0.1210713579,0.2836896829,1.0000000000
0.7032478504,0.1219948239,-1.0000000000
0.2985433585,0.0388043062,-1.0000000000
0.2715297808,0.4141288165,1.0000000000
0.2653775093,0.4520627360,1.0000000000
0.0733271652,0.5043039655,1.0000000000
0.3498713733,0.5836879335,1.0000000000
0.8363890416,0.3319731632,-1.0000000000
0.2777287615,0.3258779319,1.0000000000
0.7443036064,0.6674029124,-1.0000000000
0.4819804685,0.0973063632,-1.0000000000
0.6798965344,0.8058045794,1.0000000000
0.7785394918,0.5105318343,-1.0000000000
0.5834899755,0.1074206786,-1.0000000000
0.7833698895,0.8513612462,-1.0000000000
0.2913735103,0.3224223180,1.0000000000
0.8446330112,0.7553137885,-1.0000000000
0.1465922412,0.6552587907,1.0000000000
0.8160226777,0.7326048938,-1.0000000000
0.7732908185,0.0054736980,-1.0000000000
0.2223768203,0.3651935074,1.0000000000
0.8574135383,0.0121058399,-1.0000000000
0.0900407390,0.4224989671,1.0000000000
0.5252960272,0.4218567211,-1.0000000000
0.8687676608,0.1783606551,-1.0000000000
0.6149097918,0.7796287986,1.0000000000
0.7239285359,0.5267009674,-1.0000000000
0.4395828751,0.0500411750,-1.0000000000
0.0991961259,0.7227656825,1.0000000000
0.6240498426,0.9377672867,1.0000000000
0.6171026602,0.8507937877,1.0000000000
0.9621652529,0.9254863244,-1.0000000000
0.2438829004,0.8699290811,1.0000000000
0.1481506241,0.0674081441,1.0000000000
0.3872718280,0.0612910932,-1.0000000000
0.6321077881,0.6204158645,-1.0000000000
0.3260552070,0.5351509879,1.0000000000
0.9739970194,0.4958215917,-1.0000000000
0.7348921620,0.1717062440,-1.0000000000
0.1329279320,0.9396199796,1.0000000000
0.1329373223,0.9903046848,1.0000000000
0.0967976098,0.6793096092,1.0000000000
0.4605407316,0.0444074399,-1.0000000000
0.8817179127,0.9719613003,-1.0000000000
0.4714193647,0.1612968895,-1.0000000000
0.6653194689,0.9170174469,1.0000000000
0.3228364778,0.8712165403,1.0000000000
0.6027826482,0.8385255525,1.0000000000
0.7659193266,0.5339832441,-1.0000000000
0.1443148615,0.8663814985,1.0000000000
0.2446722817,0.5169188770,1.0000000000
0.3407382857,0.8414716127,1.0000000000
0.6934494919,0.6465440605,-1.0000000000
0.8583553936,0.6387549460,-1.0000000000
0.3745826443,0.1253474145,-1.0000000000
0.4266608222,0.9408659422,1.0000000000
0.5404701550,0.2537846063,-1.0000000000
0.8720108490,0.5342023680,-1.0000000000
0.1541206655,0.3943933630,1.0000000000
0.0479175487,0.6461326773,1.0000000000
0.1577953709,0.3442427692,1.0000000000
0.6041178491,0.8025555893,1.0000000000
0.0729710780,0.2653907324,1.0000000000
0.9938199302,0.1123175141,-1.0000000000
0.6220156714,0.0010665578,-1.0000000000
0.2950969326,0.6180336644,1.0000000000
0.0059968894,0.5338810737,1.0000000000
0.9325454990,0.4823421300,-1.0000000000
0.4615652998,0.7128088106,1.0000000000
0.1880681946,0.7551782304,1.0000000000
0.1050066114,0.4933797262,1.0000000000
0.1418047925,0.4253610210,1.0000000000
0.7833159907,0.3297889172,-1.0000000000
0.6714245157,0.3546015615,-1.0000000000
0.0945936412,0.9944958348,1.0000000000
0.7767470027,0.1006624917,-1.0000000000
0.7759801320,0.5771767737,-1.0000000000
0.5237042971,0.7901987089,1.0000000000
0.5734579064,0.2535388932,-1.0000000000
0.6980776020,0.0289207070,-1.0000000000
0.0930378006,0.8036895490,1.0000000000
0.2539799772,0.4600643091,1.0000000000
0.5347463170,0.4567325779,-1.0000000000
0.9345581801,0.5129836240,-1.0000000000
0.4028109678,0.7809445749,1.0000000000
0.7931163912,0.7614949753,-1.0000000000
0.5013861217,0.3201313086,-1.0000000000
0.0849992702,0.0128243991,1.0000000000
0.5614091883,0.8807349734,1.0000000000
0.8250645500,0.3417579159,-1.0000000000
0.9910244532,0.3797516103,-1.0000000000
0.8920947369,0.0141306350,-1.0000000000
0.5594315219,0.4891355038,-1.0000000000
0.6708229542,0.0762608167,-1.0000000000
0.1948335647,0.8381109894,1.0000000000
0.4863125221,0.8236494557,1.0000000000
0.8403845798,0.1076392529,-1.0000000000
0.6121400572,0.4085852038,-1.0000000000
0.3583882701,0.6865324511,1.0000000000
0.7048352638,0.1521232268,-1.0000000000
0.2904932325,0.3725467790,1.0000000000
0.2044979955,0.3790297746,1.0000000000
0.9124762803,0.2431132810,-1.0000000000
0.5930890773,0.3648680651,-1.0000000000
0.7789688916,0.9823417580,1.0000000000
0.0363885834,0.4722914691,1.0000000000
0.0373151688,0.3462305114,1.0000000000
0.4614539901,0.5912570614,1.0000000000
0.3059597521,0.8842833821,1.0000000000
0.4824154635,0.1766710365,-1.0000000000
0.4419620010,0.7080349079,1.0000000000
0.5418886521,0.3302383440,-1.0000000000
0.2143485424,0.8866356453,1.0000000000
0.7240794048,0.1123240891,-1.0000000000
0.8207495096,0.5303503728,-1.0000000000
0.5046723620,0.3171420775,-1.0000000000
0.3939517457,0.5063768575,1.0000000000
0.7062571300,0.0280128169,-1.0000000000
0.9111280379,0.4880041888,-1.0000000000
0.3653787385,0.6940434471,1.0000000000
0.3893525675,0.5623849005,1.0000000000
0.8038222400,0.5100841398,-1.0000000000
0.6626706169,0.9027462232,1.0000000000
0.8363509726,0.6462370133,-1.0000000000
0.2808786940,0.5022564229,1.0000000000
0.2094012312,0.1807104620,1.0000000000
0.2057833977,0.5736755119,1.0000000000
0.8952740032,0.9578920064,-1.0000000000
0.0048950847,0.7634767105,1.0000000000
0.2658326901,0.5578433223,1.0000000000
0.9860566396,0.7192261926,-1.0000000000
0.3531724486,0.6834505412,1.0000000000
0.6674700973,0.3912570796,-1.0000000000
0.5111866563,0.7808246518,1.0000000000
0.9892012870,0.9713437426,-1.0000000000
0.0334738387,0.6093110167,1.0000000000
0.9414640486,0.2924559052,-1.0000000000
0.3631052199,0.4290921934,1.0000000000
0.1821252368,0.3553566523,1.0000000000
0.6699428591,0.0846489753,-1.0000000000
0.4916786975,0.1211454282,-1.0000000000
0.2086555337,0.9368319678,1.0000000000
0.1441057388,0.2819482040,1.0000000000
0.4431680676,0.7174789573,1.0000000000
0.2153746560,0.9389557324,1.0000000000
0.6755182155,0.4389676373,-1.0000000000
0.7017499047,0.5028644191,-1.0000000000
0.9808964551,0.6885133418,-1.0000000000
0.4735780743,0.2854464963,-1.0000000000
0.4131616095,0.0541616235,-1.0000000000
0.8716665109,0.2330187069,-1.0000000000
0.9264620017,0.4564158160,-1.0000000000
0.7523686851,0.9938506047,1.0000000000
0.3891086672,0.1725160669,-1.0000000000
0.2366339592,0.5138682840,1.0000000000
0.9794758197,0.2004519874,-1.0000000000
0.5933154272,0.3680939986,-1.0000000000
0.0717915633,0.1493828852,1.0000000000
0.8159495266,0.3686577281,-1.0000000000
0.9715894831,0.5081488565,-1.0000000000
0.9904884652,0.3344569632,-1.0000000000
0.8943131545,0.5367861920,-1.0000000000
0.5319226514,0.8860723749,1.0000000000
0.6131548319,0.4376622154,-1.0000000000
0.5205271213,0.9486126435,1.0000000000
0.9178363068,0.5151229686,-1.0000000000
0.3024067909,0.8600740491,1.0000000000
0.4265306989,0.6358400223,1.0000000000
0.9378349495,0.8122233373,-1.0000000000
0.4126548644,0.3006294857,-1.0000000000
0.8359613875,0.7472613651,-1.0000000000
0.1544525159,0.5285774830,1.0000000000
0.4024536895,0.8778386808,1.0000000000
0.5885545489,0.9663842733,1.0000000000
0.7478955586,0.1542581381,-1.0000000000
0.8095508703,0.1048048847,-1.0000000000
0.6608979044,0.8509043197,1.0000000000
0.5452536001,0.1823873739,-1.0000000000
0.5582355912,0.6838988690,1.0000000000
0.6712792851,0.8422089810,1.0000000000
0.1146692661,0.7439130693,1.0000000000
0.3894818268,0.8375009842,1.0000000000
0.2196064436,0.6227832936,1.0000000000
0.0936139300,0.7407946314,1.0000000000
0.9970700614,0.9820829602,-1.0000000000
0.4339286211,0.0064213391,-1.0000000000
0.3939330030,0.7954681981,1.0000000000
0.6663989959,0.9755160682,1.0000000000
0.6049571199,0.1341517670,-1.0000000000
0.1208230327,0.4158544641,1.0000000000
0.0559547930,0.9291180611,1.0000000000
0.5735443382,0.1714688042,-1.0000000000
0.7781413649,0.0573789551,-1.0000000000
0.9380338830,0.3982640511,-1.0000000000
0.3328858923,0.9593430582,1.0000000000
0.7053255289,0.3516883077,-1.0000000000
0.0534841842,0.5413393911,1.0000000000
0.8026504620,0.4039881300,-1.0000000000
0.7151241847,0.6349245639,-1.0000000000
0.7602180274,0.2061680482,-1.0000000000
0.2400600544,0.3985678472,1.0000000000
0.8177441253,0.1128792980,-1.0000000000
0.7521690414,0.1403735575,-1.0000000000
0.6141517674,0.5477575545,-1.0000000000
0.9492668855,0.7866036839,-1.0000000000
0.3163952648,0.9526453121,1.0000000000
0.3850203253,0.7066349504,1.0000000000
0.5309634929,0.8901661504,1.0000000000
0.5525747659,0.2509903560,-1.0000000000
0.3601250204,0.0178409974,-1.0000000000
0.0409209913,0.2207988169,1.0000000000
0.2022840953,0.8249245937,1.0000000000
0.3380121867,0.7096475696,1.0000000000
0.9210152740,0.0920652866,-1.0000000000
0.8473534963,0.7594305009,-1.0000000000
0.3481848885,0.4112570510,1.0000000000
0.0497895898,0.4396839724,1.0000000000
0.2636766675,0.3290493607,1.0000000000
0.8071238480,0.7976464575,-1.0000000000
0.8962912690,0.9021833927,-1.0000000000
0.4196184847,0.7140508481,1.0000000000
0.9460539601,0.1018508360,-1.0000000000
0.0434269182,0.0847518822,1.0000000000
0.1775207763,0.5895095094,1.0000000000
0.6833903264,0.1983756706,-1.0000000000
0.2553026022,0.8816661853,1.0000000000
0.3073382760,0.8318670785,1.0000000000
0.8520226103,0.8801302909,-1.0000000000
0.6262747765,0.2702615819,-1.0000000000
0.7256196310,0.1317389618,-1.0000000000
0.4750770291,0.9430724947,1.0000000000
0.6122645048,0.7287799973,1.0000000000
0.9985280837,0.3360791045,-1.0000000000
0.3880245768,0.5496313457,1.0000000000
0.9642015533,0.8827876173,-1.0000000000
0.3057368170,0.6733958684,1.0000000000
0.9558477237,0.0535897071,-1.0000000000
0.5614891020,0.4524006558,-1.0000000000
0.0089518371,0.5615148844,1.0000000000
0.8735560733,0.8410085616,-1.0000000000
0.6114547191,0.1155180425,-1.0000000000
0.7952313945,0.1410584711,-1.0000000000
0.2234930357,0.0340946044,-1.0000000000
0.5510755363,0.6911911410,1.0000000000
0.3456229576,0.1124953647,-1.0000000000
0.2010295244,0.6976159093,1.0000000000
0.4041097287,0.5475347312,1.0000000000
0.3826043209,0.7014159666,1.0000000000
0.2221336644,0.0133033021,-1.0000000000
0.6462417789,0.9386468037,1.0000000000
0.4085350968,0.3074807783,-1.0000000000
0.5697331786,0.6418956841,1.0000000000
0.9048942912,0.0116307385,-1.0000000000
0.1457660773,0.1001696926,1.0000000000
0.2431941541,0.0996597564,-1.0000000000
0.9293589332,0.4958588370,-1.0000000000
0.4372932372,0.1153021417,-1.0000000000
0.4863046494,0.1004026343,-1.0000000000
0.9434808483,0.0631589421,-1.0000000000
0.3420062744,0.5969820701,1.0000000000
0.8227035426,0.3304841716,-1.0000000000
0.1133456528,0.1414713225,1.0000000000
0.6515913574,0.0937029745,-1.0000000000
0.2948273331,0.5675626494,1.0000000000
0.6074060635,0.9532943198,1.0000000000
0.3199351906,0.3628942249,0.0000000000
0.5601459505,0.0302368147,0.0000000000
0.3929951055,0.6758700670,0.0000000000
0.3386530091,0.6209595843,0.0000000000
0.2876701965,0.4432409644,0.0000000000
0.0384729859,0.6303128784,0.0000000000
0.5604799240,0.2564748718,0.0000000000
0.9085521074,0.1467738259,0.0000000000
0.8053769190,0.7110070493,0.0000000000
0.2346813290,0.3264630800,0.0000000000
0.8063680662,0.5580937843,0.0000000000
0.4545124179,0.9514614429,0.0000000000
0.3310375712,0.9447910657,0.0000000000
0.2645717325,0.1902720906,0.0000000000
0.2143031793,0.7883725648,0.0000000000
0.1499227677,0.4079839716,0.0000000000
0.3030415508,0.9474059690,0.0000000000
0.5073597460,0.1167537715,0.0000000000
0.5264571326,0.7523396752,0.0000000000
0.8808037356,0.9248532538,0.0000000000
0.7745796039,0.0106891075,0.0000000000
0.7271923889,0.4904207757,0.0000000000
0.6330894678,0.9846014934,0.0000000000
0.6003695188,0.8981115868,0.0000000000
0.7098157436,0.3513527055,0.0000000000
0.6824460928,0.4966439328,0.0000000000
0.9942466414,0.6549085541,0.0000000000
0.9768041062,0.3996843936,0.0000000000
0.7755257150,0.0701182707,0.0000000000
0.8167493753,0.1828752670,0.0000000000
0.3905555935,0.8138414809,0.0000000000
0.7328132285,0.3813348947,0.0000000000
0.7916872731,0.4732527318,0.0000000000
0.8414643335,0.0815325398,0.0000000000
0.4945335427,0.1923689408,0.0000000000
0.2285902710,0.1702066884,0.0000000000
0.9757476995,0.9844343096,0.0000000000
0.6642721919,0.4179024476,0.0000000000
0.5655337245,0.1280340454,0.0000000000
0.2438689664,0.4505562432,0.0000000000
0.3088836406,0.2655435693,0.0000000000
0.7628255972,0.4198619706,0.0000000000
0.9842209954,0.1708446998,0.0000000000
0.6553551455,0.5400702771,0.0000000000
0.5320802960,0.8458128522,0.0000000000
0.9144537514,0.0401252598,0.0000000000
0.2208614830,0.4325944871,0.0000000000
0.9991087549,0.2176435325,0.0000000000
0.0575067444,0.2154604248,0.0000000000
0.6319245384,0.9267242625,0.0000000000
0.1279921990,0.8691526705,0.0000000000
0.5734776226,0.1916986723,0.0000000000
0.5802246452,0.1368662840,0.0000000000
0.9439646487,0.5263116172,0.0000000000
0.9027842692,0.7978077241,0.0000000000
0.2913034463,0.3573990613,0.0000000000
0.8348514127,0.3265665778,0.0000000000
0.8704267036,0.0964604039,0.0000000000
0.1205640410,0.7078143758,0.0000000000
0.3237446456,0.8000006926,0.0000000000
0.4352848606,0.0150150144,0.0000000000
0.3020398113,0.9730728724,0.0000000000
0.5346667861,0.7871888547,0.0000000000
0.2316766226,0.2522298123,0.0000000000
0.7526439188,0.3403181081,0.0000000000
0.5613203570,0.0746599674,0.0000000000
0.2379649806,0.7324610051,0.0000000000
0.2450663435,0.2419652509,0.0000000000
0.7538483720,0.8129037588,0.0000000000
0.6542859911,0.4903450048,0.0000000000
0.3461850030,0.4190836991,0.0000000000
0.5356205426,0.9197435208,0.0000000000
0.0150739347,0.4302820759,0.0000000000
0.3792411523,0.7267092890,0.0000000000
0.8475322967,0.7799564000,0.0000000000
0.1201383371,0.6238565256,0.0000000000
0.0369011719,0.8511255195,0.0000000000
0.3837646774,0.5886144820,0.0000000000
0.0954473726,0.2916873328,0.0000000000
0.6545402324,0.8050265191,0.0000000000
0.1186958230,0.2559721509,0.0000000000
0.7284961911,0.0274052208,0.0000000000
0.7101152254,0.9525627090,0.0000000000
0.1131405942,0.0815615517,0.0000000000
0.4836228581,0.8489968641,0.0000000000
0.7484038965,0.3159300813,0.0000000000
0.0423003970,0.9468062161,0.0000000000
0.9365012042,0.7988675409,0.0000000000
0.0391171203,0.3548234383,0.0000000000
0.5361277108,0.3604900948,0.0000000000
0.9719447393,0.1769964364,0.0000000000
0.2682725084,0.0257970267,0.0000000000
0.3771950420,0.2394259583,0.0000000000
0.6450435706,0.2904082994,0.0000000000
0.9592516696,0.8303128955,0.0000000000
0.9881077591,0.3005171508,0.0000000000
0.3470116179,0.9563664971,0.0000000000
0.1468424601,0.7277235565,0.0000000000
0.2914102670,0.0416808523,0.0000000000
0.6278932842,0.7384120360,0.0000000000
0.3343844002,0.2717895244,0.0000000000
0.9258313978,0.6702507698,0.0000000000
0.7910011566,0.2803335753,0.0000000000
0.2227173822,0.5555413736,0.0000000000
0.1471734447,0.3597792958,0.0000000000
0.9449095743,0.0324618096,0.0000000000
0.7623432001,0.0720737004,0.0000000000
0.9549888291,0.8795392582,0.0000000000
0.0422427219,0.3504088344,0.0000000000
0.6084786131,0.5468805590,0.0000000000
0.9285375557,0.9578232365,0.0000000000
0.7205469428,0.8287069841,0.0000000000
0.4821950492,0.0228312723,0.0000000000
0.3715552320,0.5329916031,0.0000000000
0.9696402459,0.3028435470,0.0000000000
0.1118830433,0.5936436206,0.0000000000
0.4762397397,0.0912015570,0.0000000000
0.5525113808,0.9490199920,0.0000000000
0.5057410296,0.2161763046,0.0000000000
0.1501972865,0.3621786773,0.0000000000
0.9206863622,0.2439932107,0.0000000000
0.2343487130,0.1923572715,0.0000000000
0.7877249888,0.7781850641,0.0000000000
0.6832054194,0.9198956022,0.0000000000
0.2003578013,0.8139185103,0.0000000000
0.2016162725,0.7508156661,0.0000000000
0.4992125464,0.6798269007,0.0000000000
0.9652643886,0.8589363685,0.0000000000
0.3487944825,0.7211479932,0.0000000000
0.1929584643,0.9331623885,0.0000000000
0.2462473391,0.6061138455,0.0000000000
0.1860887702,0.2322713511,0.0000000000
0.5098902721,0.9246566266,0.0000000000
0.7282411409,0.6804031991,0.0000000000
0.2891199770,0.7942640144,0.0000000000
0.1526504185,0.9074656781,0.0000000000
0.5406420976,0.0029665235,0.0000000000
0.0514390009,0.4514470149,0.0000000000
0.8386852828,0.1740682583,0.0000000000
0.7717020079,0.6072274926,0.0000000000
0.9440723600,0.1879009518,0.0000000000
0.1151113101,0.8091755497,0.0000000000
0.5784870612,0.8396801182,0.0000000000
0.1747353986,0.9444795081,0.0000000000
0.8370055869,0.3092658786,0.0000000000
0.7468967903,0.3924573994,0.0000000000
0.0982534494,0.9459123978,0.0000000000
0.0192406411,0.9497385088,0.0000000000
0.7077465214,0.2305591583,0.0000000000
0.1098611847,0.0951925123,0.0000000000
0.4569873887,0.4727785275,0.0000000000
0.0144529576,0.2350249759,0.0000000000
0.6331242336,0.9774632022,0.0000000000
0.3940709152,0.6252340108,0.0000000000
0.9859498846,0.2088103428,0.0000000000
0.1155250151,0.6532064063,0.0000000000
0.3372845634,0.0551820524,0.0000000000
0.6542147284,0.3774676609,0.0000000000
0.1842510405,0.9887618618,0.0000000000
0.2989485360,0.5315020913,0.0000000000
0.8374409524,0.5054019568,0.0000000000
0.4453099759,0.8672835080,0.0000000000
0.4491136165,0.3425241526,0.0000000000
0.2024546765,0.4189970899,0.0000000000
0.0902775293,0.7769037141,0.0000000000
0.1526232648,0.1069604381,0.0000000000
0.9766468772,0.0476729021,0.0000000000
0.4975030998,0.3048250021,0.0000000000
0.9387103369,0.7606147809,0.0000000000
0.6253838142,0.3156609335,0.0000000000
0.0082099658,0.2902126141,0.0000000000
0.7378127201,0.0161996050,0.0000000000
0.0023375290,0.2250190955,0.0000000000
0.0271428433,0.8858867445,0.0000000000
0.9818038890,0.9212712299,0.0000000000
0.6904059680,0.3402067745,0.0000000000
0.7829733258,0.9771284052,0.0000000000
0.9068375655,0.8181666066,0.0000000000
0.5841989075,0.4081254270,0.0000000000
0.7543784197,0.4644392993,0.0000000000
0.2582082987,0.5448054654,0.0000000000
0.6371879337,0.7060714068,0.0000000000
0.9307138541,0.5822305389,0.0000000000
0.5358255364,0.3827508013,0.0000000000
0.5033213829,0.7936623467,0.0000000000
0.0883089234,0.5905304971,0.0000000000
0.9554556550,0.6771253758,0.0000000000
0.5059772958,0.9656838357,0.0000000000
0.2508895908,0.7385964941,0.0000000000
0.9859359684,0.7055056643,0.0000000000
0.0712515940,0.8050157198,0.0000000000
0.3841989654,0.7381869019,0.0000000000
0.6168615313,0.5922785621,0.0000000000
0.6489956737,0.4378041207,0.0000000000
0.5110975970,0.8078081510,0.0000000000
0.5324068516,0.1830923256,0.0000000000
0.4454114288,0.1872167600,0.0000000000
0.9814924473,0.4730983991,0.0000000000
0.8571915714,0.2513194462,0.0000000000
0.5595865578,0.8346196172,0.0000000000
0.1752321533,0.6565464805,0.0000000000
0.3999383021,0.7842555616,0.0000000000
0.2803829852,0.6962643289,0.0000000000
0.9849874683,0.9863965323,0.0000000000
0.2600213852,0.2941456071,0.0000000000
0.9825581601,0.8365132680,0.0000000000
0.8528786218,0.5742829727,0.0000000000
0.6245486636,0.7966197161,0.0000000000
0.8328049138,0.9672535699,0.0000000000
0.6816639277,0.9881721333,0.0000000000
0.2408014103,0.3342276755,0.0000000000
0.9455044403,0.2399659291,0.0000000000
0.4510107059,0.0138148562,0.0000000000
0.3458550025,0.7512623892,0.0000000000
0.2731339680,0.5979271076,0.0000000000
0.4950839954,0.4322994425,0.0000000000
0.1390029155,0.8032583757,0.0000000000
0.2911899916,0.9618076436,0.0000000000
0.6370181971,0.9369957244,0.0000000000
0.9036980606,0.5510043240,0.0000000000
0.7181800264,0.0876993037,0.0000000000
0.9304173256,0.4488760911,0.0000000000
0.7141379855,0.3282291572,0.0000000000
0.0581995948,0.5408184354,0.0000000000
0.4488618770,0.2842398398,0.0000000000
0.0294773764,0.0002475149,0.0000000000
0.4780409662,0.9464228364,0.0000000000
0.1670216813,0.7935508823,0.0000000000
0.7711137405,0.9271584846,0.0000000000
0.7030431381,0.4404674964,0.0000000000
0.9578968483,0.3919996484,0.0000000000
0.2651727024,0.5411718681,0.0000000000
0.9890259219,0.8560361373,0.0000000000
0.7339601618,0.4015612725,0.0000000000
0.0037104678,0.5384875037,0.0000000000
0.7720981260,0.8811951733,0.0000000000
0.8740844040,0.4237861943,0.0000000000
0.0537344560,0.7390252512,0.0000000000
0.3651232276,0.9376130571,0.0000000000
0.5387646287,0.0949573529,0.0000000000
0.4418315201,0.3343026585,0.0000000000
0.2749414930,0.7741230671,0.0000000000
0.7476978672,0.6653118327,0.0000000000
0.5773756668,0.0446835207,0.0000000000
0.3474177884,0.2256160604,0.0000000000
0.1234297164,0.2758960544,0.0000000000
0.7892220801,0.7595798974,0.0000000000
0.9012686647,0.0240026401,0.0000000000
0.1456746290,0.2068868893,0.0000000000
0.4188761220,0.2125447637,0.0000000000
0.5789417453,0.7634693374,0.0000000000
0.5893749728,0.8802184480,0.0000000000
0.9342979518,0.1643633943,0.0000000000
0.4744901353,0.6049275397,0.0000000000
0.6266516260,0.7029215966,0.0000000000
0.0779882856,0.5343632593,0.0000000000
0.3409415034,0.4079411180,0.0000000000
0.8805393906,0.5456652762,0.0000000000
0.5129499584,0.3017297599,0.0000000000
0.1599788323,0.9538613327,0.0000000000
0.8397612345,0.0472549362,0.0000000000
0.8675221978,0.3210017046,0.0000000000
0.4708728696,0.8942940260,0.0000000000
0.6302511377,0.4634586306,0.0000000000
0.3815774012,0.1231845344,0.0000000000
0.1215369970,0.9847152042,0.0000000000
0.7114327172,0.6276801706,0.0000000000
0.9218033767,0.0933114661,0.0000000000
0.3110942558,0.9436958946,0.0000000000
0.6047735625,0.9152260887,0.0000000000
0.0649681385,0.3740291184,0.0000000000
0.4910150440,0.2355845137,0.0000000000
0.7138660797,0.9330656690,0.0000000000
0.1825228411,0.7079713169,0.0000000000
0.2693186624,0.6906328708,0.0000000000
0.5959637216,0.4432501344,0.0000000000
0.5911869368,0.7356765240,0.0000000000
0.1321705019,0.9744751459,0.0000000000
0.1672697305,0.3283115378,0.0000000000
0.8169050603,0.1051461758,0.0000000000
0.8037309389,0.9869943599,0.0000000000
0.8339640410,0.3169902385,0.0000000000
0.6027886326,0.2785818179,0.0000000000
0.9309703870,0.1840863333,0.0000000000
0.3101467520,0.4850339204,0.0000000000
0.6194304013,0.5189527474,0.0000000000
0.4057205867,0.9099815305,0.0000000000
0.3789222600,0.5025319435,0.0000000000
0.9854128136,0.5911259021,0.0000000000
0.8221417423,0.4604168150,0.0000000000
0.3075523843,0.9679102260,0.0000000000
0.8634695123,0.7636310336,0.0000000000
0.9051390184,0.2529774463,0.0000000000
0.7250774451,0.1982454777,0.0000000000
0.3947823059,0.8864342040,0.0000000000
0.3989775520,0.1162976286,0.0000000000
0.0834409039,0.7037361056,0.0000000000
0.3476673210,0.6911550005,0.0000000000
0.6075760314,0.0635924164,0.0000000000
0.9207306453,0.3578699215,0.0000000000
0.4067934968,0.0891614658,0.0000000000
0.6118397987,0.2357856241,0.0000000000
0.2306258501,0.1398613633,0.0000000000
0.2649470470,0.3380189628,0.0000000000
0.8950851651,0.4772326295,0.0000000000
0.1204423999,0.7030453918,0.0000000000
0.1660771506,0.7755711150,0.0000000000
0.2736471994,0.4473386016,0.0000000000
0.4209792851,0.7598220137,0.0000000000
0.2821237640,0.0851366330,0.0000000000
0.1546640732,0.9863999670,0.0000000000
0.2218800872,0.5418502637,0.0000000000
0.5962284432,0.4162217947,0.0000000000
0.4493631040,0.5813852122,0.0000000000
0.2776171946,0.9789172941,0.0000000000
0.2602010711,0.3912512689,0.0000000000
0.4334384717,0.8851951759,0.0000000000
0.2938969554,0.6952532202,0.0000000000
0.1932904218,0.4405819320,0.0000000000
0.0376921532,0.7755445728,0.0000000000
0.6443369436,0.1779794672,0.0000000000
0.5102005192,0.8845250027,0.0000000000
0.0622299194,0.1780678059,0.0000000000
0.0611504795,0.4108823828,0.0000000000
0.2423750168,0.3650912850,0.0000000000
0.5559300913,0.4994141685,0.0000000000
0.2145757112,0.7859591473,0.0000000000
0.2057257201,0.1780290038,0.0000000000
0.3172860892,0.4725800822,0.0000000000
0.3825843286,0.5286891421,0.0000000000
0.8798147229,0.7076349851,0.0000000000
0.2825306923,0.2198461585,0.0000000000
0.8170969851,0.9730585508,0.0000000000
0.9025281643,0.7653536376,0.0000000000
0.9450410005,0.3580988712,0.0000000000
0.1637105282,0.1328902881,0.0000000000
0.2607927291,0.0153203099,0.0000000000
0.1282195620,0.8625430181,0.0000000000
0.0743787571,0.4332119455,0.0000000000
0.4605881064,0.7156131365,0.0000000000
0.5310038390,0.3117020125,0.0000000000
0.9324349479,0.9121732956,0.0000000000
0.2377557330,0.0610150390,0.0000000000
0.3492190329,0.2568258908,0.0000000000
0.1949967904,0.3070541361,0.0000000000
0.4564794263,0.5972820977,0.0000000000
0.6432908306,0.1013771776,0.0000000000
0.8457557698,0.0665364436,0.0000000000
0.4699529981,0.5378229331,0.0000000000
0.7478207040,0.8497098961,0.0000000000
0.5204443073,0.3257417976,0.0000000000
0.0271377858,0.9755844654,0.0000000000
0.1280960368,0.0605869352,0.0000000000
0.7139452651,0.6963661271,0.0000000000
0.1244255282,0.6533039051,0.0000000000
0.5236265034,0.8930079192,0.0000000000
0.1460395970,0.1991105489,0.0000000000
0.0309070653,0.1660399689,0.0000000000
0.5491358527,0.0047589200,0.0000000000
0.7025744907,0.9893343469,0.0000000000
0.8263174128,0.7397028681,0.0000000000
0.0402558993,0.6502549702,0.0000000000
0.5003638179,0.4905350516,0.0000000000
0.1135113345,0.6288336905,0.0000000000
0.1108384401,0.1129467720,0.0000000000
0.5888288244,0.1647969846,0.0000000000
0.6513879780,0.8424298113,0.0000000000
0.9581903461,0.1353363848,0.0000000000
0.2872771930,0.8153753293,0.0000000000
0.4880077296,0.6276824038,0.0000000000
0.8518369791,0.2124611923,0.0000000000
0.3744311562,0.4740471652,0.0000000000
0.2666891747,0.4335176138,0.0000000000
0.6845110558,0.2280558463,0.0000000000
0.6190454398,0.6340821610,0.0000000000
0.0665162055,0.3588922075,0.0000000000
0.9587882127,0.7966052626,0.0000000000
0.3395175614,0.9961415295,0.0000000000
0.5979396278,0.6159445064,0.0000000000
0.9627169737,0.3189100202,0.0000000000
0.9396546997,0.7437752810,0.0000000000
0.4675828814,0.0508596449,0.0000000000
0.2991060683,0.1368269874,0.0000000000
0.1873121159,0.7514853920,0.0000000000
0.6559689603,0.5174047432,0.0000000000
0.3882177209,0.3289712182,0.0000000000
0.6229053948,0.1073880630,0.0000000000
0.3717191371,0.1036661420,0.0000000000
0.4222397910,0.6341517615,0.0000000000
0.7403137248,0.6772784883,0.0000000000
0.1515527095,0.8598020852,0.0000000000
0.0488172384,0.5080449311,0.0000000000
0.9386146992,0.8066905072,0.0000000000
0.4656299940,0.2516894550,0.0000000000
0.2868664364,0.0505322513,0.0000000000
0.1048140210,0.4341393732,0.0000000000
0.2995083621,0.9103024891,0.0000000000
0.2656081788,0.4238713696,0.0000000000
0.3079261863,0.9501201670,0.0000000000
0.6592518893,0.0096726015,0.0000000000
0.6752426789,0.7907992741,0.0000000000
0.1905144169,0.1653553528,0.0000000000
0.8534877291,0.9407503423,0.0000000000
0.0853276124,0.0193895457,0.0000000000
0.4422697276,0.2716181794,0.0000000000
0.0039022133,0.8266618347,0.0000000000
0.4861369528,0.9642422938,0.0000000000
0.4114123399,0.0844171353,0.0000000000
0.8741277255,0.3305462199,0.0000000000
0.8450488359,0.8826783467,0.0000000000
0.9296480533,0.2632304684,0.0000000000
0.3716090285,0.6379939560,0.0000000000
0.5654580284,0.0400496346,0.0000000000
0.1546928273,0.9092316886,0.0000000000
0.3822040559,0.3295968264,0.0000000000
0.0708939455,0.5207159517,0.0000000000
0.9606369712,0.1594994294,0.0000000000
0.2912746475,0.4769908968,0.0000000000
0.3629513144,0.4810678837,0.0000000000
0.4177582820,0.5586734446,0.0000000000
0.0635863384,0.5158548106,0.0000000000
0.4178446816,0.2982816241,0.0000000000
0.8038424643,0.2277436875,0.0000000000
0.6819861329,0.7530046015,0.0000000000
0.0281274028,0.4303233456,0.0000000000
0.5893924406,0.3620815178,0.0000000000
0.8517105903,0.9650200594,0.0000000000
0.7806465756,0.3615764525,0.0000000000
0.8602241877,0.5897631155,0.0000000000
0.1913983292,0.6078209629,0.0000000000
0.9399670794,0.8172134448,0.0000000000
0.6986538522,0.6968729787,0.0000000000
0.8962941828,0.9009565190,0.0000000000
0.3600143504,0.0247797387,0.0000000000
0.5646124598,0.1825568755,0.0000000000
0.8306410610,0.7860643714,0.0000000000
0.4575681706,0.2319080459,0.0000000000
0.2838631589,0.7825190031,0.0000000000
0.7790980721,0.0734889898,0.0000000000
0.5605120296,0.5265377214,0.0000000000
0.6767886333,0.8988402786,0.0000000000
0.1817965175,0.4546992450,0.0000000000
0.2279026179,0.2764544948,0.0000000000
0.4901286918,0.5907442315,0.0000000000
0.6938447238,0.7965372957,0.0000000000
0.5640565029,0.2444615915,0.0000000000
0.6682191253,0.8758321342,0.0000000000
0.3594158947,0.3205250620,0.0000000000
0.8657517744,0.7900706063,0.0000000000
0.7557740136,0.6165686487,0.0000000000
0.1851635172,0.4938489942,0.0000000000
0.0648639461,0.5935729069,0.0000000000
0.5378887099,0.1625245321,0.0000000000
0.7108337582,0.7336917750,0.0000000000
0.5592733285,0.6051262715,0.0000000000
0.0050257671,0.9162716144,0.0000000000
0.3696242135,0.8054448087,0.0000000000
0.9143867086,0.1328902331,0.0000000000
0.7160896668,0.8217023869,0.0000000000
0.2996677099,0.0741636944,0.0000000000
0.5252741812,0.0391067412,0.0000000000
0.5974318385,0.9325789826,0.0000000000
0.1131199684,0.7474430755,0.0000000000
0.1310731321,0.4716557355,0.0000000000
0.1755080066,0.2928426245,0.0000000000
0.4559593493,0.9756778897,0.0000000000
0.1779950937,0.5481738547,0.0000000000
0.2602171317,0.1180763678,0.0000000000
0.4617666651,0.0571347767,0.0000000000
0.4033425699,0.2077992815,0.0000000000
0.8316582814,0.0011594139,0.0000000000
0.1836038835,0.5074099267,0.0000000000
0.5691845992,0.4861779973,0.0000000000
0.2546445874,0.6522613965,0.0000000000
0.0476752168,0.4238235899,0.0000000000
0.7967848443,0.1118415178,0.0000000000
0.4891801722,0.6435656660,0.0000000000
0.6612450903,0.1394511550,0.0000000000
0.8717876924,0.8374390187,0.0000000000
0.6999143229,0.6622206592,0.0000000000
0.4630695395,0.9607463584,0.0000000000
0.7996004330,0.2805251008,0.0000000000
0.6267611492,0.7900336135,0.0000000000
0.3960314616,0.5941463708,0.0000000000
0.2595703319,0.8650655732,0.0000000000
0.8763434459,0.1085612851,0.0000000000
0.7653907592,0.5397117542,0.0000000000
0.4103835712,0.8534185112,0.0000000000
0.0462624211,0.3498004032,0.0000000000
0.9753331439,0.2683464875,0.0000000000
0.1943796363,0.6790935929,0.0000000000
0.2588433564,0.1575246184,0.0000000000
0.5610735903,0.2607957238,0.0000000000
0.3871689346,0.4322671466,0.0000000000
0.0362585593,0.1748186072,0.0000000000
0.7168879276,0.6422154121,0.0000000000
0.6845579261,0.4846836251,0.0000000000
0.8810440215,0.4384475828,0.0000000000
0.2759105119,0.2750636007,0.0000000000
0.9645702454,0.0231749268,0.0000000000
0.7543684081,0.4576369481,0.0000000000
0.8510613434,0.2749381996,0.0000000000
0.1749322834,0.4729918561,0.0000000000
0.1623932725,0.4634177647,0.0000000000
0.3395181396,0.2508382796,0.0000000000
0.4074385384,0.2071295426,0.0000000000
0.4306649854,0.4990680928,0.0000000000
0.1531943551,0.2471736197,0.0000000000
0.2420492463,0.0352517589,0.0000000000
0.0089528290,0.1774288174,0.0000000000
0.8718201624,0.5305418219,0.0000000000
0.2068937575,0.6740449203,0.0000000000
0.6452270933,0.0825823146,0.0000000000
0.8102594036,0.9797931635,0.0000000000
0.8890932473,0.1335919354,0.0000000000
0.9484875100,0.2995740807,0.0000000000
0.2207289660,0.0084564801,0.0000000000
0.6084198780,0.1990288420,0.0000000000
0.1392028492,0.9786960354,0.0000000000
0.6180284719,0.5349189840,0.0000000000
0.4376504138,0.9293793275,0.0000000000
0.7730533623,0.3927909697,0.0000000000
0.5881606650,0.3654150717,0.0000000000
0.1728145671,0.2970857041,0.0000000000
0.8390309487,0.5541998064,0.0000000000
0.9712432238,0.4340540519,0.0000000000
0.4795386936,0.0544856687,0.0000000000
0.6801752049,0.1190273479,0.0000000000
0.2003625558,0.6721560008,0.0000000000
0.0647370948,0.7277627041,0.0000000000
0.2247292354,0.1739214143,0.0000000000
0.0635107432,0.0477538848,0.0000000000
0.1574489622,0.2587635155,0.0000000000
0.7614716025,0.4980744714,0.0000000000
0.0040912215,0.7372471776,0.0000000000
0.8179225196,0.6388841611,0.0000000000
0.5652004701,0.2889326506,0.0000000000
0.1862987836,0.6093458171,0.0000000000
0.5981010736,0.8081640130,0.0000000000
0.1886070020,0.8802809086,0.0000000000
0.2185650228,0.6180052525,0.0000000000
0.2392862546,0.7188383078,0.0000000000
0.0940296806,0.4506563356,0.0000000000
0.5580474406,0.0558835894,0.0000000000
0.3778778430,0.7734693116,0.0000000000
0.8532479411,0.1811930437,0.0000000000
0.5452810746,0.4752419610,0.0000000000
0.4173693120,0.7269259705,0.0000000000
0.6140119637,0.0955540905,0.0000000000
0.8821669745,0.7604084342,0.0000000000
0.2900849554,0.8952666807,0.0000000000
0.0304419253,0.0197253674,0.0000000000
0.6613450776,0.6999246339,0.0000000000
0.0288297865,0.6480910439,0.0000000000
0.7676669455,0.6802315353,0.0000000000
0.1200850441,0.3616303067,0.0000000000
0.7107160073,0.5161500981,0.0000000000
0.3270294116,0.1459917859,0.0000000000
0.0382208222,0.7213164112,0.0000000000
0.7007394819,0.7796602586,0.0000000000
0.1770605907,0.5980877390,0.0000000000
0.1272913886,0.7868014709,0.0000000000
0.2097672595,0.9536120230,0.0000000000
0.7892049803,0.5197381187,0.0000000000
0.1873588623,0.5574161869,0.0000000000
0.6807418488,0.5449639979,0.0000000000
0.2823464222,0.4902466835,0.0000000000
0.0960823809,0.0693335784,0.0000000000
0.4695169947,0.1719680376,0.0000000000
0.3489229116,0.7133924936,0.0000000000
0.6462308010,0.1816879575,0.0000000000
0.2906238165,0.5707212959,0.0000000000
0.0921711054,0.1199480154,0.0000000000
0.3874652536,0.8295910039,0.0000000000
0.8476311638,0.1813619900,0.0000000000
0.9046543010,0.6715097539,0.0000000000
0.2851072147,0.3839228388,0.0000000000
0.9103135808,0.7638883202,0.0000000000
0.3954905236,0.6373900725,0.0000000000
0.8177303457,0.1456137545,0.0000000000
0.0204619565,0.0232317587,0.0000000000
0.9902975870,0.1764968962,0.0000000000
0.9289289553,0.0563923968,0.0000000000
0.9701915638,0.7841982377,0.0000000000
0.0949507193,0.5699765997,0.0000000000
0.0371439553,0.4966920409,0.0000000000
0.7295500878,0.0790172191,0.0000000000
0.9359004861,0.1772444586,0.0000000000
0.3701353781,0.0121236736,0.0000000000
0.9512602247,0.1308045535,0.0000000000
0.7231362696,0.8777190453,0.0000000000
0.1287192491,0.7797459249,0.0000000000
0.6254046313,0.9783810278,0.0000000000
0.5003290124,0.3471051447,0.0000000000
0.1011962893,0.1715352360,0.0000000000
0.4194094132,0.0271404085,0.0000000000
0.5490247981,0.8765276965,0.0000000000
0.0390108206,0.7672350546,0.0000000000
0.9820102664,0.4382082390,0.0000000000
0.7877945025,0.5283693511,0.0000000000
0.0607901511,0.3034565520,0.0000000000
0.2349509985,0.4354203504,0.0000000000
0.0279492144,0.7862194735,0.0000000000
0.3677042213,0.6883265644,0.0000000000
0.2032262797,0.6396420650,0.0000000000
0.3753217074,0.9769377444,0.0000000000
0.9587741429,0.4218143441,0.0000000000
0.9346094259,0.1587024600,0.0000000000
0.2739551145,0.0762477460,0.0000000000
0.5912409336,0.2062127561,0.0000000000
0.9734978460,0.5868266298,0.0000000000
0.6892887630,0.9651456113,0.0000000000
0.5580329748,0.5055311658,0.0000000000
0.8329693919,0.5069659558,0.0000000000
0.0311130356,0.5532015634,0.0000000000
0.9438652254,0.4596108329,0.0000000000
0.1763918291,0.0771607686,0.0000000000
0.5242082724,0.4791973961,0.0000000000
0.3260134985,0.0696078459,0.0000000000
0.6076337243,0.6023051299,0.0000000000
0.0111628710,0.9747363147,0.0000000000
0.5067294672,0.7025498959,0.0000000000
0.2028187129,0.8358096882,0.0000000000
0.9658188560,0.7197272677,0.0000000000
0.2780082918,0.5088467026,0.0000000000
0.1516527338,0.4754159629,0.0000000000
0.0091298181,0.4665672873,0.0000000000
0.6105676985,0.8892047546,0.0000000000
0.8031832314,0.3416109607,0.0000000000
0.5607188016,0.0443250895,0.0000000000
0.9077474688,0.3482515279,0.0000000000
0.5977461032,0.6031907723,0.0000000000
0.9428713604,0.3341678275,0.0000000000
0.2370501838,0.6460944125,0.0000000000
0.5453256502,0.9096669132,0.0000000000
0.1796929668,0.9804639548,0.0000000000
0.4316662003,0.2840043729,0.0000000000
0.1873967243,0.8128651309,0.0000000000
0.6792437376,0.5975780625,0.0000000000
0.2113789233,0.6970995617,0.0000000000
0.1723943740,0.3143585407,0.0000000000
0.3130303332,0.4790232957,0.0000000000
0.4240373518,0.7344789998,0.0000000000
0.4119363310,0.6327305427,0.0000000000
0.9965743734,0.8412029028,0.0000000000
0.2396210641,0.6087295599,0.0000000000
0.0863838831,0.5358693936,0.0000000000
0.4428828065,0.9760732283,0.0000000000
0.5703758512,0.9002292710,0.0000000000
0.2436318485,0.3837516650,0.0000000000
0.0949190246,0.1321956415,0.0000000000
0.7152802542,0.4635843374,0.0000000000
0.0696459455,0.7863272669,0.0000000000
0.0594243900,0.3395782101,0.0000000000
0.0113197477,0.4083267190,0.0000000000
0.9311913103,0.7656233922,0.0000000000
0.7020549707,0.2935255506,0.0000000000
0.3501278882,0.1786608445,0.0000000000
0.6107464122,0.0347752683,0.0000000000
0.3732118234,0.3812829739,0.0000000000
0.5150209706,0.1496619788,0.0000000000
0.3026202793,0.9083985920,0.0000000000
0.1490408028,0.9131472579,0.0000000000
0.4311736288,0.2259163902,0.0000000000
0.9947946240,0.6608297116,0.0000000000
0.2728801656,0.3147674227,0.0000000000
0.3876081144,0.3031039078,0.0000000000
0.6961638501,0.7404093932,0.0000000000
0.2173037325,0.8984867029,0.0000000000
0.1277844214,0.3657456387,0.0000000000
0.2406035114,0.1233103719,0.0000000000
0.6102158238,0.3008719371,0.0000000000
0.1078045995,0.5934162732,0.0000000000
0.3645969216,0.6116572141,0.0000000000
0.8444212408,0.3261134607,0.0000000000
0.4521924203,0.9727838432,0.0000000000
0.3797802253,0.1041242135,0.0000000000
0.5337960826,0.1818139659,0.0000000000
0.4789770922,0.3761643185,0.0000000000
0.1115943241,0.3492266101,0.0000000000
0.2466553578,0.0184369406,0.0000000000
0.5390338550,0.5103114553,0.0000000000
0.5605364343,0.5239803512,0.0000000000
0.9961608102,0.7525717630,0.0000000000
0.6411576658,0.3515176607,0.0000000000
0.7836752669,0.4854836979,0.0000000000
0.1263652399,0.2102375446,0.0000000000
0.3229251850,0.0332626586,0.0000000000
0.6076067885,0.7980657481,0.0000000000
0.0467863745,0.7809230003,0.0000000000
0.1699057127,0.7521000244,0.0000000000
0.0274166000,0.7076255271,0.0000000000
0.7069307942,0.5229741481,0.0000000000
0.7400136724,0.0043442693,0.0000000000
0.7390583695,0.3471549688,0.0000000000
0.8846703068,0.9901257043,0.0000000000
0.9195284138,0.1767848787,0.0000000000
0.1041389488,0.0949600451,0.0000000000
0.8223271692,0.3019047024,0.0000000000
0.3925113280,0.6553145004,0.0000000000
0.1290245333,0.7966297372,0.0000000000
0.0578365498,0.6043025583,0.0000000000
0.3609614545,0.8789989317,0.0000000000
0.7097899869,0.6685438162,0.0000000000
0.5871992382,0.4955037256,0.0000000000
0.2935559864,0.7645504036,0.0000000000
0.6323895899,0.6192666092,0.0000000000
0.8082795603,0.9791198407,0.0000000000
0.5449169375,0.8567837751,0.0000000000
0.6920801985,0.5256711593,0.0000000000
0.6487138783,0.2320664622,0.0000000000
0.7231280819,0.9211463623,0.0000000000
0.3325692341,0.7062585143,0.0000000000
0.5058226332,0.3638834230,0.0000000000
0.2995884442,0.7935387546,0.0000000000
0.2192089958,0.4790308838,0.0000000000
0.5052075767,0.5697075726,0.0000000000
0.2748533227,0.7645766512,0.0000000000
0.4049225188,0.9469751865,0.0000000000
0.1929766471,0.8162424974,0.0000000000
0.3635505953,0.4971718741,0.0000000000
0.3577941003,0.2157019230,0.0000000000
0.7392048667,0.5041600790,0.0000000000
0.1850882484,0.2279700572,0.0000000000
0.5629449742,0.6838532880,0.0000000000
0.3321182941,0.0730401626,0.0000000000
0.1008773596,0.7171278253,0.0000000000
0.5686031668,0.4168448859,0.0000000000
0.0523224256,0.2923162218,0.0000000000
0.7949366284,0.3959696137,0.0000000000
0.4855346962,0.0124046498,0.0000000000
0.6918694043,0.2418116016,0.0000000000
0.2232715648,0.9870798753,0.0000000000
0.9920907593,0.3701894225,0.0000000000
0.9858302722,0.3862616923,0.0000000000
0.5092344210,0.7967803126,0.0000000000
0.2333118256,0.3018468542,0.0000000000
0.3305150161,0.8543246551,0.0000000000
0.5693242362,0.4423358375,0.0000000000
0.5356091824,0.9743591791,0.0000000000
0.5813126838,0.5001104678,0.0000000000
0.1364383220,0.1512448350,0.0000000000
0.8063137799,0.8237372523,0.0000000000
0.4917627400,0.9197477329,0.0000000000
0.2997944504,0.7650496115,0.0000000000
0.5872209081,0.0615155575,0.0000000000
0.5672787990,0.2231658731,0.0000000000
0.7651873364,0.1365212654,0.0000000000
0.9336733506,0.7035284173,0.0000000000
0.4763187647,0.6912524600,0.0000000000
0.4105428784,0.9774505409,0.0000000000
0.5199581792,0.9536153237,0.0000000000
0.6511304110,0.7535913787,0.0000000000
0.4709695388,0.2479122516,0.0000000000
0.6512425751,0.0257393068,0.0000000000
0.7378601790,0.3060573968,0.0000000000
0.4142818022,0.8842971856,0.0000000000
0.4668962933,0.2984398177,0.0000000000
0.2042582101,0.6934479247,0.0000000000
0.0530531934,0.0967282962,0.0000000000
0.4371349883,0.3374979138,0.0000000000
0.2328546091,0.3881786384,0.0000000000
0.3263122491,0.2754898515,0.0000000000
0.3206156722,0.1379519666,0.0000000000
0.7002823962,0.2023684195,0.0000000000
0.1240259547,0.6857161034,0.0000000000
0.5563449507,0.9891820708,0.0000000000
0.9450989136,0.6285600394,0.0000000000
0.5342655083,0.3351963734,0.0000000000
0.1494843025,0.7844525960,0.0000000000
0.0261331684,0.2935093220,0.0000000000
0.2487938337,0.3104788290,0.0000000000
0.0896067467,0.9195881909,0.0000000000
0.1073419380,0.2935143375,0.0000000000
0.9044246393,0.8196316574,0.0000000000
0.7500725741,0.4727149883,0.0000000000
0.9951423279,0.3825269522,0.0000000000
0.5314066996,0.5491572600,0.0000000000
0.6065744785,0.6690403698,0.0000000000
0.7476601265,0.9536666548,0.0000000000
0.2770646771,0.0793065167,0.0000000000
0.7002133633,0.0515571412,0.0000000000
0.9020671463,0.2416611065,0.0000000000
0.5314345748,0.5940262610,0.0000000000
0.0823915555,0.0069383539,0.0000000000
0.8209630617,0.6074211243,0.0000000000
0.0018560655,0.6780440844,0.0000000000
0.7725484200,0.9390225441,0.0000000000
0.1538706180,0.5542504699,0.0000000000
0.0651159270,0.8127816613,0.0000000000
0.6709023873,0.3562403266,0.0000000000
0.5050538392,0.4036379033,0.0000000000
0.2761695591,0.8034733504,0.0000000000
0.5620311614,0.5758152974,0.0000000000
0.0223154767,0.0107076140,0.0000000000
0.5550180439,0.0009823568,0.0000000000
0.5278838727,0.3465425417,0.0000000000
0.2629015124,0.7885475288,0.0000000000
0.3169890896,0.4824901730,0.0000000000
0.8200819808,0.4094179190,0.0000000000
0.9554440940,0.4607871960,0.0000000000
0.9131598579,0.9536628343,0.0000000000
0.4546195703,0.4858339543,0.0000000000
0.6197584204,0.2410105877,0.0000000000
0.5467314999,0.5932317795,0.0000000000
0.0363439823,0.1168556644,0.0000000000
0.2929712657,0.6662478415,0.0000000000
0.8903178946,0.6957991280,0.0000000000
0.4137302599,0.9095996993,0.0000000000
0.8914170464,0.3260971927,0.0000000000
0.9244546648,0.5335866141,0.0000000000
0.5726705817,0.7598285314,0.0000000000
0.6606126734,0.9582594276,0.0000000000
0.2550514351,0.3111699211,0.0000000000
0.0693469001,0.4294788401,0.0000000000
0.9688945988,0.6631265958,0.0000000000
0.3527922683,0.4630550559,0.0000000000
0.9054054537,0.6736126566,0.0000000000
0.2432740971,0.8544789443,0.0000000000
0.3994296307,0.5562959820,0.0000000000
0.1522170391,0.6371554984,0.0000000000
0.1195036713,0.8824009540,0.0000000000
0.5021408025,0.8407452464,0.0000000000
0.4696861220,0.3078618745,0.0000000000
0.1282649931,0.7956574064,0.0000000000
0.5657929696,0.5898287036,0.0000000000
0.1420434247,0.2874243208,0.0000000000
0.0382173586,0.1201200185,0.0000000000
0.0963738378,0.8252127685,0.0000000000
0.9464999748,0.1276409539,0.0000000000
0.9315054427,0.3081440370,0.0000000000
0.0823501931,0.0475919840,0.0000000000
0.1734389946,0.2154443441,0.0000000000
0.1821188653,0.9374302452,0.0000000000
0.1086364724,0.9694213527,0.0000000000
0.1887289959,0.5934429836,0.0000000000
0.7167649040,0.0442272501,0.0000000000
0.0532786282,0.2337268097,0.0000000000
0.7908808439,0.6685210610,0.0000000000
0.9587522759,0.7781146133,0.0000000000
0.4542939877,0.7861232424,0.0000000000
0.0837958425,0.8195389552,0.0000000000
0.8343892070,0.8231161572,0.0000000000
0.6857314841,0.1451171755,0.0000000000
0.1776800751,0.4689796958,0.0000000000
0.9674416468,0.6613188185,0.0000000000
0.9991811430,0.9246014302,0.0000000000
0.1170775987,0.1435786752,0.0000000000
0.1062787017,0.6810901933,0.0000000000
0.4807231083,0.5336785591,0.0000000000
0.6662185500,0.8685868995,0.0000000000
0.6467673038,0.0112531768,0.0000000000
0.5076465627,0.7679256050,0.0000000000
0.3908507466,0.3186044480,0.0000000000
0.2833415116,0.8459765484,0.0000000000
0.6186615888,0.8061390321,0.0000000000
0.6339797455,0.7532158701,0.0000000000
0.4685720601,0.6275713678,0.0000000000
0.0133736795,0.0195315361,0.0000000000
0.7693515248,0.6395498289,0.0000000000
0.9529471032,0.9660670231,0.0000000000
0.4746748995,0.0212527405,0.0000000000
0.2332887765,0.8103202695,0.0000000000
0.2407798251,0.1942022334,0.0000000000
0.7181759970,0.6573287015,0.0000000000
0.0193027155,0.3845658736,0.0000000000
0.6563788665,0.5326677872,0.0000000000
0.0147255797,0.0280607847,0.0000000000
0.4328510668,0.6345964635,0.0000000000
0.9383776800,0.1960511344,0.0000000000
0.2137324460,0.9112292182,0.0000000000
0.3294165284,0.9481900887,0.0000000000
0.9939127824,0.3864963187,0.0000000000
0.3398401821,0.4478882624,0.0000000000
0.2576323922,0.3564267979,0.0000000000
0.8347494627,0.0653131973,0.0000000000
0.9695742944,0.9905491448,0.0000000000
0.2567854688,0.1944427179,0.0000000000
0.1893276442,0.7833771321,0.0000000000
0.0494624984,0.0472090718,0.0000000000
0.1871588165,0.8633016359,0.0000000000
0.7848432655,0.0210637829,0.0000000000
0.5469523819,0.1334614638,0.0000000000
0.4139633092,0.9181327755,0.0000000000
0.2892470175,0.5134309268,0.0000000000
0.8046295752,0.8197719285,0.0000000000
0.5461999417,0.8718018668,0.0000000000
0.9309607694,0.0836997889,0.0000000000
0.6353914776,0.6139620433,0.0000000000
0.7311193090,0.3598632509,0.0000000000
0.1158825819,0.5571728469,0.0000000000
0.5972853442,0.8077593501,0.0000000000
0.3178200249,0.7163537651,0.0000000000
0.1774864110,0.9229012096,0.0000000000
0.2784736523,0.2165545309,0.0000000000
0.4619181701,0.0444225681,0.0000000000
0.5965044542,0.7508248984,0.0000000000
0.9036421359,0.6654672952,0.0000000000
0.1323427787,0.9210801808,0.0000000000
0.4102971393,0.4854771928,0.0000000000
0.8637008556,0.5410958961,0.0000000000
0.7848784523,0.6075316413,0.0000000000
0.1130515720,0.3687258294,0.0000000000
0.9079229153,0.2756197730,0.0000000000
0.8565128338,0.1663660623,0.0000000000
0.2747649063,0.1350899133,0.0000000000
0.3692001273,0.5544900800,0.0000000000
0.8805363975,0.4584396416,0.0000000000
0.5511989074,0.8306702307,0.0000000000
0.3637520740,0.5141486336,0.0000000000
0.8812319670,0.8849954959,0.0000000000
0.3065858925,0.0182084924,0.0000000000
0.4098079673,0.5268824465,0.0000000000
0.7680797186,0.6109286505,0.0000000000
0.2355249758,0.9858586577,0.0000000000
0.0567169907,0.9234312203,0.0000000000
0.8128980300,0.3184561439,0.0000000000
0.4790713534,0.1216041231,0.0000000000
0.0182188284,0.6581688532,0.0000000000
0.4730755015,0.5372574109,0.0000000000
0.0809661182,0.5389430121,0.0000000000
0.9565882098,0.2126349955,0.0000000000
0.1126130163,0.2392323098,0.0000000000
0.8941619184,0.4176520324,0.0000000000
0.2387047425,0.2477631334,0.0000000000
0.5073953470,0.7898474730,0.0000000000
0.3958885690,0.3717728662,0.0000000000
0.1992652467,0.0732410426,0.0000000000
0.7558905986,0.9761522136,0.0000000000
0.4934983298,0.9338851760,0.0000000000
0.2499766258,0.3045409679,0.0000000000
0.5075465932,0.9815472212,0.0000000000
0.4137929028,0.3006367590,0.0000000000
0.7488657883,0.7446087168,0.0000000000
0.1710357968,0.0401491462,0.0000000000
0.3525717209,0.9455447625,0.0000000000
0.2111825941,0.8183179710,0.0000000000
0.7852606032,0.4563510479,0.0000000000
0.2068849451,0.9216243779,0.0000000000
0.4863129647,0.1367143231,0.0000000000
0.9640462552,0.9709085197,0.0000000000
0.0769819802,0.5190863897,0.0000000000
0.3108189053,0.1833777677,0.0000000000
0.9183506830,0.4834836554,0.0000000000
0.6365835533,0.3718701028,0.0000000000
0.8567210824,0.6798992004,0.0000000000
0.0135596037,0.3816228223,0.0000000000
0.4452497217,0.6570282710,0.0000000000
0.6454863517,0.5865383193,0.0000000000
0.4130731190,0.6639759124,0.0000000000
0.5084025771,0.3045895269,0.0000000000
0.4249248214,0.2142426718,0.0000000000
0.4545579197,0.5764419874,0.0000000000
0.8355569515,0.2537716235,0.0000000000
0.0406766893,0.4846578730,0.0000000000
0.2295005979,0.5890204746,0.0000000000
0.6536124089,0.0594270020,0.0000000000
0.1800245512,0.2788754519,0.0000000000
0.7591402844,0.4795999502,0.0000000000
0.2149609806,0.1017140253,0.0000000000
0.5562917116,0.5615247558,0.0000000000
0.6808555172,0.0365590737,0.0000000000
0.1212073443,0.1981750145,0.0000000000
0.1661770706,0.3786651343,0.0000000000
0.6708073006,0.3580265622,0.0000000000
0.4405907201,0.9748006616,0.0000000000
0.0869665609,0.2807034361,0.0000000000
0.6754581187,0.0520279150,0.0000000000
0.8980164939,0.1362129465,0.0000000000
0.6861585906,0.2080497342,0.0000000000
0.8801782722,0.3416656959,0.0000000000
0.6966962065,0.1830021544,0.0000000000
0.7049127640,0.7704675426,0.0000000000
0.4123668426,0.6900050122,0.0000000000
0.9714873109,0.0246555157,0.0000000000
0.2470266007,0.0146056248,0.0000000000
0.6962879328,0.1777486030,0.0000000000
0.8019168379,0.0461629664,0.0000000000
0.2689071538,0.1555050631,0.0000000000
0.7996795189,0.6717826030,0.0000000000
0.7639268625,0.3290980041,0.0000000000
0.2263463072,0.8399874428,0.0000000000
0.2256896204,0.7980212390,0.0000000000
0.7088494717,0.0077617694,0.0000000000
0.7537309969,0.1564132436,0.0000000000
0.7156167092,0.8931219722,0.0000000000
0.6743512531,0.9260879783,0.0000000000
0.9814640519,0.0734855638,0.0000000000
0.1693211159,0.8232155845,0.0000000000
0.1624118856,0.2236746565,0.0000000000
0.5917150676,0.6468328891,0.0000000000
0.8947048252,0.0370438282,0.0000000000
0.7585628822,0.3752498444,0.0000000000
0.5966792508,0.5769626536,0.0000000000
0.6738814825,0.3567137415,0.0000000000
0.3710136999,0.9105092622,0.0000000000
0.9079665262,0.3035053027,0.0000000000
0.1845429750,0.1083302918,0.0000000000
0.7888593316,0.4020478182,0.0000000000
0.9771306239,0.3198277857,0.0000000000
