0.9095462006,0.0767131213,-1.0000000000
0.5328759554,0.2022482241,-1.0000000000
0.1402978002,0.7776149637,1.0000000000
0.5372078022,0.0425996562,-1.0000000000
0.1704830007,0.2887068827,1.0000000000
0.4407377476,0.2181816982,-1.0000000000
0.2685470492,0.4373366863,1.0000000000
0.3455116804,0.6655798658,1.0000000000
0.0504755636,0.6091024550,1.0000000000
0.2384004757,0.3826727102,1.0000000000
0.8439754976,0.5703323146,-1.0000000000
0.7553162547,0.0399140537,-1.0000000000
0.8465192345,0.8163527698,-1.0000000000
0.3501684274,0.6689594418,1.0000000000
0.8133466017,0.0507057428,-1.0000000000
0.9666031999,0.0322798856,-1.0000000000
0.6952357539,0.8679159314,1.0000000000
0.8366837477,0.0808751968,-1.0000000000
0.5171574184,0.0508556561,-1.0000000000
0.5848321181,0.8149548964,1.0000000000
0.3909454615,0.3537659452,1.0000000000
0.4547654170,0.5305832969,1.0000000000
0.3532807334,0.6217606302,1.0000000000
0.9078583039,0.1169393657,-1.0000000000
0.5767007263,0.7862398849,1.0000000000
0.6136732104,0.5128808212,-1.0000000000
0.8345478470,0.7746976250,-1.0000000000
0.6286382586,0.1138336816,-1.0000000000
0.7300457135,0.7889329701,-1.0000000000
0.5306664468,0.3349357342,-1.0000000000
0.0444380000,0.5795621194,1.0000000000
0.8349768965,0.4725342858,-1.0000000000
0.5680508114,0.4760891616,-1.0000000000
0.9097446064,0.7637387820,-1.0000000000
0.6183163865,0.5504970883,-1.0000000000
0.8127334029,0.4079715492,-1.0000000000
0.9166630578,0.2904647537,-1.0000000000
0.2654329516,0.9680890304,1.0000000000
0.5210597289,0.5721629876,1.0000000000
0.8374623112,0.1867655010,-1.0000000000
0.4389479013,0.1039211479,-1.0000000000
0.1541993182,0.4810572170,1.0000000000
0.2099209787,0.3363282631,1.0000000000
0.3761932814,0.0629660484,-1.0000000000
0.8184984084,0.9364538060,-1.0000000000
0.2545427486,0.9351947039,1.0000000000
0.9229233472,0.5261454030,-1.0000000000
0.0512559704,0.6364186723,1.0000000000
0.2806925252,0.4792717102,1.0000000000
0.5551526038,0.2909551121,-1.0000000000
0.3833563855,0.4612726990,1.0000000000
0.6024567067,0.0653324028,-1.0000000000
0.8998439539,0.7664468453,-1.0000000000
0.8887311212,0.9907201733,-1.0000000000
0.5900975519,0.8214510989,1.0000000000
0.8076546017,0.0939072904,-1.0000000000
0.2029425356,0.5049118213,1.0000000000
0.5736718428,0.8974291369,1.0000000000
0.8198757661,0.1047865743,-1.0000000000
0.0235101319,0.6203409204,1.0000000000
0.9394155977,0.5188227152,-1.0000000000
0.6861920203,0.5758966079,-1.0000000000
0.8490661239,0.3253740707,-1.0000000000
0.7656847571,0.5139042377,-1.0000000000
0.0110076551,0.7992331645,1.0000000000
0.5003959539,0.2921374851,-1.0000000000
0.8859674689,0.7164248670,-1.0000000000
0.9733924174,0.0589755741,-1.0000000000
0.1307823201,0.8411310545,1.0000000000
0.2728640960,0.5787156804,1.0000000000
0.8276614531,0.8709184852,-1.0000000000
0.0530772129,0.0898617222,1.0000000000
0.2091497808,0.1975652806,1.0000000000
0.2449655496,0.5651083722,1.0000000000
0.5443013265,0.3943217262,-1.0000000000
0.0897644443,0.9471322140,1.0000000000
0.8900753714,0.0833811608,-1.0000000000
0.6552552932,0.8065317625,1.0000000000
0.9619668541,0.0816436085,-1.0000000000
0.3388903120,0.3812896538,1.0000000000
0.0906506051,0.2044220884,1.0000000000
0.2384763553,0.1538188441,1.0000000000
0.2101006688,0.2285810728,1.0000000000
0.8738059866,0.9295953541,-1.0000000000
0.7988411466,0.2654804050,-1.0000000000
0.6526148469,0.0333252833,-1.0000000000
0.8660518511,0.5504940189,-1.0000000000
0.8362076492,0.8039567743,-1.0000000000
0.2084619576,0.6845593713,1.0000000000
0.0288915669,0.2042570115,1.0000000000
0.2082361435,0.3524918300,1.0000000000
0.8965596074,0.9418895950,-1.0000000000
0.0092825835,0.6439892613,1.0000000000
0.9291011625,0.9475915538,-1.0000000000
0.0679656807,0.5425526241,1.0000000000
0.8152172922,0.4020633762,-1.0000000000
0.1084276143,0.5077365432,1.0000000000
0.5037186971,0.3321837754,-1.0000000000
0.0988903060,0.1538548076,1.0000000000
0.6366430449,0.0826474198,-1.0000000000
0.4943281870,0.3106131607,-1.0000000000
0.0689939202,0.6678756212,1.0000000000
0.8339854405,0.2745336611,-1.0000000000
0.1505322286,0.7659895493,1.0000000000
0.1531081220,0.5503753930,1.0000000000
0.7810343312,0.0334253799,-1.0000000000
0.5222456790,0.4186825800,-1.0000000000
0.1012446380,0.7437729439,1.0000000000
0.6874574210,0.0062864458,-1.0000000000
0.2125008194,0.0986376691,1.0000000000
0.1266140282,0.5607492720,1.0000000000
0.6607031036,0.8410564449,1.0000000000
0.5562070791,0.8370936895,1.0000000000
0.5936888890,0.9253283204,1.0000000000
0.7494221174,0.8806886454,1.0000000000
0.1559847395,0.7613439460,1.0000000000
0.6257467459,0.9510898825,1.0000000000
0.5894172877,0.3294845206,-1.0000000000
0.4951529451,0.7028271174,1.0000000000
0.5860789093,0.3098311396,-1.0000000000
0.3027223097,0.5905034416,1.0000000000
0.4200317840,0.5175526533,1.0000000000
0.6348750386,0.4903864437,-1.0000000000
0.1336494424,0.9703752734,1.0000000000
0.1823196755,0.8290444800,1.0000000000
0.6836764206,0.9200736351,1.0000000000
0.8702438033,0.7125894172,-1.0000000000
0.4286351197,0.3166147573,-1.0000000000
0.7309483932,0.3158174986,-1.0000000000
0.0025005037,0.2083433601,1.0000000000
0.0115004071,0.9191922844,1.0000000000
0.3433082540,0.6049009565,1.0000000000
0.8332050708,0.7527603827,-1.0000000000
0.1516313072,0.3165290994,1.0000000000
0.3337540242,0.4463895622,1.0000000000
0.4752463478,0.8974344481,1.0000000000
0.7166021699,0.5526286248,-1.0000000000
0.1092027726,0.2529675960,1.0000000000
0.3547309619,0.2602977683,-1.0000000000
0.6715998841,0.6386647441,-1.0000000000
0.4145592160,0.6574605615,1.0000000000
0.0323848645,0.6648811711,1.0000000000
0.8386866393,0.9001238845,-1.0000000000
0.6675352548,0.8229589595,1.0000000000
0.1749764857,0.5350230573,1.0000000000
0.7345933808,0.3062574159,-1.0000000000
0.4424931661,0.3682280165,-1.0000000000
0.1547046565,0.0626847393,1.0000000000
0.5121153221,0.4274322176,-1.0000000000
0.8198602010,0.0077710464,-1.0000000000
0.3480038099,0.0004082845,-1.0000000000
0.1726485245,0.9219934271,1.0000000000
0.1794784519,0.4975717209,1.0000000000
0.2651101991,0.3367089322,1.0000000000
0.7922280577,0.7808480048,-1.0000000000
0.0951741658,0.9807666683,1.0000000000
0.6107241341,0.0630015226,-1.0000000000
0.0982326485,0.7572242001,1.0000000000
0.4956546476,0.5513540961,1.0000000000
0.0263703231,0.9032179171,1.0000000000
0.0738806090,0.0254522713,1.0000000000
0.6110708637,0.0318725789,-1.0000000000
0.0851158222,0.8310469117,1.0000000000
0.2461283204,0.7834612810,1.0000000000
0.4538741583,0.1334006301,-1.0000000000
0.8173682621,0.9916476523,1.0000000000
0.6135015922,0.9349041261,1.0000000000
0.0537268508,0.3275042170,1.0000000000
0.8520724226,0.8983252537,-1.0000000000
0.9060041755,0.4834384725,-1.0000000000
0.4753450118,0.0992775623,-1.0000000000
0.8204044329,0.8714130093,-1.0000000000
0.0397926233,0.5486034634,1.0000000000
0.6001134628,0.7254085091,1.0000000000
0.1655857669,0.9980959125,1.0000000000
0.6797504949,0.4890486191,-1.0000000000
0.6080609308,0.5697848539,-1.0000000000
0.3956172470,0.7182590298,1.0000000000
0.8900924622,0.9105511516,-1.0000000000
0.7739241802,0.6069670793,-1.0000000000
0.8785908687,0.2929490286,-1.0000000000
0.4765922340,0.0134752498,-1.0000000000
0.6757604756,0.0783890136,-1.0000000000
0.1989493978,0.1974308732,1.0000000000
0.3184061497,0.0909329038,-1.0000000000
0.0425861544,0.9086815315,1.0000000000
0.4786689349,0.0055613605,-1.0000000000
0.4121561034,0.2589294295,-1.0000000000
0.9476597294,0.4699380061,-1.0000000000
0.6591248920,0.6755767022,-1.0000000000
0.5171410133,0.4405127961,-1.0000000000
0.9778195648,0.3916814107,-1.0000000000
0.1417645040,0.3570093458,1.0000000000
0.1041068156,0.4796530990,1.0000000000
0.2705644382,0.3980034161,1.0000000000
0.7473876275,0.5320950233,-1.0000000000
0.1012251828,0.5144713952,1.0000000000
0.7804795454,0.0717509010,-1.0000000000
0.9026095442,0.6843386592,-1.0000000000
0.9722630361,0.2324638130,-1.0000000000
0.0083084439,0.6758779686,1.0000000000
0.3162730593,0.6512720124,1.0000000000
0.9537693167,0.4325129271,-1.0000000000
0.1487104028,0.8102774625,1.0000000000
0.3359547916,0.3598537745,1.0000000000
0.0958092895,0.1943663181,1.0000000000
0.4639716737,0.6619359610,1.0000000000
0.6071087144,0.8469320222,1.0000000000
0.9234123120,0.8179489704,-1.0000000000
0.7132139616,0.0425979442,-1.0000000000
0.8985545571,0.3418020953,-1.0000000000
0.4550892170,0.1851070889,-1.0000000000
0.3130569391,0.7916846490,1.0000000000
0.8888219403,0.9063518727,-1.0000000000
0.4452883769,0.6295385934,1.0000000000
0.4684541958,0.0261369522,-1.0000000000
0.8815490005,0.1440540988,-1.0000000000
0.0375434973,0.1669001320,1.0000000000
0.3180569427,0.0528122845,-1.0000000000
0.8809726349,0.7651132821,-1.0000000000
0.3098442990,0.6314792930,1.0000000000
0.6127409895,0.5412719376,-1.0000000000
0.9457384800,0.1559495754,-1.0000000000
0.4000377462,0.9431320820,1.0000000000
0.3589845233,0.4108112332,1.0000000000
0.3348487408,0.6388396633,1.0000000000
0.5322370506,0.3142263185,-1.0000000000
0.8613564527,0.7438410106,-1.0000000000
0.7811345815,0.6704601504,-1.0000000000
0.7506570894,0.1674952215,-1.0000000000
0.4179958138,0.4378341233,1.0000000000
0.4422659347,0.5552126402,1.0000000000
0.2421063829,0.8674615985,1.0000000000
0.6836556138,0.8845237002,1.0000000000
0.9495423640,0.9361172381,-1.0000000000
0.6205351746,0.1150794517,-1.0000000000
0.1849852353,0.0047310435,-1.0000000000
0.1924207545,0.4340765895,1.0000000000
0.0875565065,0.5831071345,1.0000000000
0.8938399893,0.8838265438,-1.0000000000
0.0667059988,0.1654615110,1.0000000000
0.7255983299,0.8706363560,1.0000000000
0.3324061465,0.2033738314,-1.0000000000
0.1745978695,0.1446865931,1.0000000000
0.8259235045,0.7555887589,-1.0000000000
0.1076077361,0.4440272976,1.0000000000
0.7812400646,0.3190764937,-1.0000000000
0.8888022777,0.0876137416,-1.0000000000
0.1475602049,0.5788738860,1.0000000000
0.3805494694,0.4277127338,1.0000000000
0.0591146132,0.5465485414,1.0000000000
0.0313647093,0.3638867711,1.0000000000
0.7814544302,0.8242971143,-1.0000000000
0.5246051607,0.2373932447,-1.0000000000
0.9692995807,0.0659433193,-1.0000000000
0.3659157946,0.8576391803,1.0000000000
0.2802066099,0.2471044845,1.0000000000
0.9448931711,0.9788062769,-1.0000000000
0.9459232492,0.7402558398,-1.0000000000
0.1183722801,0.6868002604,1.0000000000
0.6549865452,0.8047402480,1.0000000000
0.6177439036,0.6182088458,-1.0000000000
0.9040677414,0.5308900387,-1.0000000000
0.4100795475,0.3550521614,-1.0000000000
0.4335592999,0.2596305513,-1.0000000000
0.1655063537,0.9131133258,1.0000000000
0.6105565233,0.4253349711,-1.0000000000
0.1149331682,0.4312571020,1.0000000000
0.4132608843,0.6608100307,1.0000000000
0.2863821645,0.0802596005,-1.0000000000
0.5481342126,0.3123964610,-1.0000000000
0.9975648081,0.0006937718,-1.0000000000
0.7447330804,0.0650791312,-1.0000000000
0.0144699990,0.1416847686,1.0000000000
0.9533464879,0.7987528948,-1.0000000000
0.5565543173,0.8322775086,1.0000000000
0.6031818841,0.7520070565,1.0000000000
0.8286175344,0.6503402223,-1.0000000000
0.1781757561,0.6318825403,1.0000000000
0.8154405565,0.0371918152,-1.0000000000
0.6790701697,0.3692797778,-1.0000000000
0.9357760225,0.7628573512,-1.0000000000
0.4296586984,0.9283999366,1.0000000000
0.2824811860,0.5700280009,1.0000000000
0.4083948608,0.3062115089,-1.0000000000
0.9644015331,0.2961196856,-1.0000000000
0.7086608828,0.8234866655,1.0000000000
0.5309539262,0.1264641332,-1.0000000000
0.5909129174,0.3516897522,-1.0000000000
0.3896276065,0.5781968660,1.0000000000
0.5789121734,0.9940236423,1.0000000000
0.2885860700,0.6722264048,1.0000000000
0.0981190291,0.2948226317,1.0000000000
0.3064150425,0.5838879595,1.0000000000
0.6308096942,0.9307880574,1.0000000000
0.5386644095,0.3732781110,-1.0000000000
0.5169295391,0.3468526670,-1.0000000000
0.1195919063,0.6503450443,1.0000000000
0.0673841563,0.5573892476,1.0000000000
0.8314514317,0.2641568196,-1.0000000000
0.4615490995,0.7700463779,1.0000000000
0.8248658404,0.9870287151,1.0000000000
0.3383955949,0.5749112923,1.0000000000
0.8533778020,0.1486660874,-1.0000000000
0.7107140274,0.9442578647,1.0000000000
0.4329030157,0.8245778156,1.0000000000
0.5495156886,0.2515780704,-1.0000000000
0.5240324299,0.5689104690,1.0000000000
0.3425282399,0.1464468364,-1.0000000000
0.2248015927,0.1900091332,1.0000000000
0.9229741448,0.7640688344,-1.0000000000
0.2321219816,0.6634694609,1.0000000000
0.9945564887,0.3270245037,-1.0000000000
0.4242366223,0.6860972400,1.0000000000
0.9268138502,0.5383058186,-1.0000000000
0.4859218051,0.0920553234,-1.0000000000
0.1565367772,0.7322059040,1.0000000000
0.0200540573,0.4697138038,1.0000000000
0.4958293144,0.4795680387,-1.0000000000
0.0642116393,0.0117481935,1.0000000000
0.4546320400,0.0549872592,-1.0000000000
0.3664066872,0.1235412195,-1.0000000000
0.4719911093,0.6832994838,1.0000000000
0.3920792418,0.8484683695,1.0000000000
0.4187602663,0.8262250746,1.0000000000
0.4826906330,0.2676337806,-1.0000000000
0.4268798060,0.1296864875,-1.0000000000
0.0627900140,0.1796305770,1.0000000000
0.3184809782,0.0579754984,-1.0000000000
0.4068298116,0.3743173460,1.0000000000
0.0137603093,0.3204283488,1.0000000000
0.6407845578,0.1424961928,-1.0000000000
0.5278006613,0.1602651973,-1.0000000000
0.9530858747,0.5225892529,-1.0000000000
0.3347157807,0.4850910618,1.0000000000
0.7770447534,0.1967755067,-1.0000000000
0.6005470956,0.6344915272,-1.0000000000
0.5701866488,0.9451939974,1.0000000000
0.8284171918,0.5961893053,-1.0000000000
0.2052163931,0.3583108801,1.0000000000
0.9821197040,0.4263269021,-1.0000000000
0.9045685108,0.5139308601,-1.0000000000
0.2223811785,0.0065602514,-1.0000000000
0.4649695091,0.0977128878,-1.0000000000
0.6703863575,0.6880630909,-1.0000000000
0.0815093537,0.4019559678,1.0000000000
0.1553891029,0.9751555456,1.0000000000
0.8174069209,0.2095233178,-1.0000000000
0.0868091914,0.4964111496,1.0000000000
0.6297800799,0.2077023212,-1.0000000000
0.1502612881,0.3971484119,1.0000000000
0.1282769993,0.2146244710,1.0000000000
0.0216066325,0.3906589522,1.0000000000
0.9072812166,0.6013538514,-1.0000000000
0.5340026963,0.5398234474,-1.0000000000
0.7665997871,0.2198449882,-1.0000000000
0.5118619909,0.4827628270,-1.0000000000
0.4697546970,0.6259670169,1.0000000000
0.7308017083,0.8152479250,-1.0000000000
0.9559169373,0.9830146243,-1.0000000000
0.5688463812,0.4375027028,-1.0000000000
0.6664606788,0.5735786574,-1.0000000000
0.1194619075,0.7779218769,1.0000000000
0.2184598718,0.4940561707,1.0000000000
0.3633622507,0.8814436526,1.0000000000
0.2036604307,0.6380046642,1.0000000000
0.1086879989,0.6609056537,1.0000000000
0.8022640590,0.5614893377,-1.0000000000
0.7683098414,0.4186248312,-1.0000000000
0.0831356308,0.0100251081,1.0000000000
0.3459340316,0.2067354629,-1.0000000000
0.0690014366,0.1715443077,1.0000000000
0.1660380599,0.6461649972,1.0000000000
0.5099540031,0.7784042007,1.0000000000
0.0224209722,0.2771752575,1.0000000000
0.0301029876,0.7166324934,1.0000000000
0.6969654163,0.3302697780,-1.0000000000
0.9171666205,0.4336716793,-1.0000000000
0.6102853977,0.7522802431,1.0000000000
0.4235407966,0.7715421094,1.0000000000
0.7551686962,0.7556937052,-1.0000000000
0.4264171782,0.7916867596,1.0000000000
0.5581923580,0.5685791088,-1.0000000000
0.4597086820,0.1478272734,-1.0000000000
0.3610535946,0.9004200825,1.0000000000
0.2031453850,0.9123314017,1.0000000000
0.1883782507,0.1071695069,1.0000000000
0.9757317046,0.1384523095,-1.0000000000
0.0815494063,0.6080612308,1.0000000000
0.6360064579,0.0437706858,-1.0000000000
0.8844095303,0.8229172842,-1.0000000000
0.1245080213,0.5618690333,1.0000000000
0.5686500878,0.5596628928,-1.0000000000
0.9048840251,0.2132783435,-1.0000000000
0.5880995428,0.5004030445,-1.0000000000
0.7605426749,0.8113067270,-1.0000000000
0.8811291237,0.0671738675,-1.0000000000
0.3389501707,0.8768134551,1.0000000000
0.5804490614,0.4503445899,-1.0000000000
0.9485451260,0.4850197382,-1.0000000000
0.6110993249,0.0876331706,-1.0000000000
0.1678380178,0.9937585102,1.0000000000
0.3133963026,0.7968139257,1.0000000000
0.6656460544,0.5342867586,-1.0000000000
0.3353950722,0.2574647264,-1.0000000000
0.0696777483,0.1157013012,1.0000000000
0.2314152991,0.8684930245,1.0000000000
0.1509648173,0.3697186453,1.0000000000
0.2856447069,0.8371711180,1.0000000000
0.2787032506,0.4061957194,1.0000000000
0.2092183876,0.0141307430,-1.0000000000
0.4565181972,0.8106378560,1.0000000000
0.7061162882,0.5886936669,-1.0000000000
0.7841042479,0.1281413507,-1.0000000000
0.6126134472,0.8191173800,1.0000000000
0.6852269946,0.6047167708,-1.0000000000
0.5579396311,0.7515302438,1.0000000000
0.4494212448,0.4140947733,-1.0000000000
0.6624839439,0.4968931151,-1.0000000000
0.3404281328,0.2211722850,-1.0000000000
0.4281850425,0.7339814694,1.0000000000
0.5419743796,0.1666961502,-1.0000000000
0.4471897476,0.4448758097,1.0000000000
0.4611266042,0.7924875941,1.0000000000
0.9378470528,0.6428991370,-1.0000000000
0.3052940422,0.0027649304,-1.0000000000
0.1762583229,0.1578628677,1.0000000000
0.4272801533,0.4620780265,1.0000000000
0.6161273964,0.0342298890,-1.0000000000
0.9172301468,0.7916510044,-1.0000000000
0.4042836958,0.6505240464,1.0000000000
0.1077788159,0.3168065915,1.0000000000
0.9780786652,0.2934448258,-1.0000000000
0.6890008641,0.5115539439,-1.0000000000
0.1898357688,0.0860162587,1.0000000000
0.2564280427,0.7617110280,1.0000000000
0.7147428584,0.2701355607,-1.0000000000
0.8197443787,0.0147831494,-1.0000000000
0.4041714923,0.1420798616,-1.0000000000
0.1092116592,0.5234529648,1.0000000000
0.5693018908,0.6253664264,1.0000000000
0.7834142323,0.6042630680,-1.0000000000
0.3314535620,0.7079976963,1.0000000000
0.0202061589,0.9557732280,1.0000000000
0.7352066091,0.5018789090,-1.0000000000
0.3764566185,0.6773355225,1.0000000000
0.1067519551,0.8563361715,1.0000000000
0.6370413964,0.0023333286,-1.0000000000
0.8847394708,0.4304385479,-1.0000000000
0.3988980630,0.8278438400,1.0000000000
0.2622796217,0.5211623479,1.0000000000
0.4596671143,0.1668317539,-1.0000000000
0.9689377833,0.6491316091,-1.0000000000
0.1284093968,0.7814312906,1.0000000000
0.2765152109,0.6511099939,1.0000000000
0.2092333315,0.6284829873,1.0000000000
0.4625532842,0.5596207179,1.0000000000
0.4694675980,0.1691298731,-1.0000000000
0.7435978941,0.3031956470,-1.0000000000
0.2179379270,0.8024940804,1.0000000000
0.8040024186,0.8724761259,-1.0000000000
0.5137286019,0.4687554264,-1.0000000000
0.8110216819,0.2095535375,-1.0000000000
0.6124974577,0.0781415098,-1.0000000000
0.6317222002,0.2867662870,-1.0000000000
0.2025043898,0.7022537953,1.0000000000
0.4733965217,0.9022988781,1.0000000000
0.8634555619,0.2366844919,-1.0000000000
0.8921303734,0.3013153050,-1.0000000000
0.2920545807,0.8426466064,1.0000000000
0.3145594916,0.6952170627,1.0000000000
0.1354619114,0.1616034193,1.0000000000
0.6011280548,0.3435254608,-1.0000000000
0.5302311105,0.0702758828,-1.0000000000
0.7575587957,0.8806487819,1.0000000000
0.1777498087,0.3637699637,1.0000000000
0.3879878286,0.0146629246,-1.0000000000
0.4263544054,0.6503051508,1.0000000000
0.8842306847,0.4674051653,-1.0000000000
0.9064068194,0.9299549024,-1.0000000000
0.2767234166,0.0250013157,-1.0000000000
0.1593447075,0.6857745408,1.0000000000
0.6888862916,0.3398805367,-1.0000000000
0.7311340537,0.4667324523,-1.0000000000
0.8808656028,0.4091080520,-1.0000000000
0.3515514956,0.9211645866,1.0000000000
0.6420444771,0.8468870401,1.0000000000
0.5824537995,0.1758927574,-1.0000000000
0.1071433460,0.7366596689,1.0000000000
0.2501903288,0.7876185201,1.0000000000
0.6577891394,0.7572790055,1.0000000000
0.5454895482,0.4560476404,-1.0000000000
0.3787828121,0.7351556283,1.0000000000
0.5515222818,0.1225036558,-1.0000000000
0.6487226155,0.6412626048,-1.0000000000
0.3114923492,0.6129093179,1.0000000000
0.1726346808,0.5256067546,1.0000000000
0.2007839179,0.1422665213,1.0000000000
0.8302293414,0.2413768572,-1.0000000000
0.8085937741,0.7716425877,-1.0000000000
0.1791888467,0.4079891709,0.0000000000
0.7826390260,0.3247407938,0.0000000000
0.8733476261,0.7534419696,0.0000000000
0.0529527665,0.9953554515,0.0000000000
0.2416217462,0.9701813417,0.0000000000
0.1597547705,0.6772490324,0.0000000000
0.6281305932,0.2980940935,0.0000000000
0.2221750090,0.1850042678,0.0000000000
0.9003025292,0.8522532399,0.0000000000
0.7115223518,0.9121006290,0.0000000000
0.5319952692,0.0292655317,0.0000000000
0.2322579166,0.3978204794,0.0000000000
0.1225830535,0.3246713210,0.0000000000
0.4827443586,0.7853363053,0.0000000000
0.9180385312,0.6293782878,0.0000000000
0.8482932438,0.4017478585,0.0000000000
0.1107957331,0.9002416270,0.0000000000
0.8179729803,0.0830545908,0.0000000000
0.8895861831,0.1724801387,0.0000000000
0.3130302287,0.0839520010,0.0000000000
0.2907925592,0.5707262327,0.0000000000
0.5460161254,0.2692564024,0.0000000000
0.1971045846,0.6716928840,0.0000000000
0.4954097217,0.1510905321,0.0000000000
0.7601098525,0.8486205620,0.0000000000
0.7080892234,0.1340780358,0.0000000000
0.2889908948,0.1893660756,0.0000000000
0.6873135528,0.8271291178,0.0000000000
0.9286163357,0.4176621095,0.0000000000
0.0244401927,0.8248006448,0.0000000000
0.1987905898,0.0042167037,0.0000000000
0.3915833427,0.9193489032,0.0000000000
0.0887566580,0.5373916977,0.0000000000
0.5655282949,0.1492298561,0.0000000000
0.8194032782,0.6904218996,0.0000000000
0.9605863668,0.5952259981,0.0000000000
0.4490603656,0.5365628416,0.0000000000
0.6426671362,0.0362842154,0.0000000000
0.1633210661,0.8507236278,0.0000000000
0.5414900332,0.2249202047,0.0000000000
0.4070652175,0.3633880257,0.0000000000
0.3591159230,0.4967241411,0.0000000000
0.7445655946,0.3547770491,0.0000000000
0.9185860440,0.2609635967,0.0000000000
0.8278395962,0.6813133369,0.0000000000
0.1048232881,0.4045367000,0.0000000000
0.5711726702,0.0117676994,0.0000000000
0.9689114629,0.1538780046,0.0000000000
0.2163651085,0.2122580961,0.0000000000
0.4931524215,0.1360055512,0.0000000000
0.7026825233,0.0172481376,0.0000000000
0.9254790719,0.2615456301,0.0000000000
0.3729992918,0.2331495080,0.0000000000
0.5574914614,0.2290811004,0.0000000000
0.1987565138,0.9842039922,0.0000000000
0.0305301318,0.3796740764,0.0000000000
0.4422437236,0.8805163294,0.0000000000
0.4298024402,0.1452279723,0.0000000000
0.2437307798,0.6975094163,0.0000000000
0.5203267696,0.0009560637,0.0000000000
0.1619631153,0.1663775249,0.0000000000
0.6524608390,0.1848015478,0.0000000000
0.7551192470,0.0141425476,0.0000000000
0.2003294343,0.6723587547,0.0000000000
0.9192036439,0.4396796097,0.0000000000
0.6173390953,0.8500652290,0.0000000000
0.6280061331,0.2193693791,0.0000000000
0.1089103425,0.6421839087,0.0000000000
0.9511094448,0.1609149557,0.0000000000
0.7709701609,0.6907362211,0.0000000000
0.6064080703,0.1690975573,0.0000000000
0.2376867546,0.7876377828,0.0000000000
0.5646291399,0.6466129850,0.0000000000
0.6062452861,0.9452235158,0.0000000000
0.3239622458,0.5134901784,0.0000000000
0.4746702789,0.8642921286,0.0000000000
0.1417547748,0.8902597287,0.0000000000
0.6044933740,0.3417839551,0.0000000000
0.6520318841,0.1032618101,0.0000000000
0.0847838776,0.5460913940,0.0000000000
0.7914384144,0.5810344480,0.0000000000
0.2724898520,0.0482935040,0.0000000000
0.0416094660,0.1020331746,0.0000000000
0.1711127254,0.5032957323,0.0000000000
0.5873752334,0.3441036148,0.0000000000
0.5022503908,0.5994059876,0.0000000000
0.7780875323,0.7905840580,0.0000000000
0.5823127982,0.2072018713,0.0000000000
0.2639842519,0.7582502884,0.0000000000
0.9285088877,0.8282920327,0.0000000000
0.2079030628,0.9383175261,0.0000000000
0.6259368003,0.8805512101,0.0000000000
0.6298890543,0.2502354119,0.0000000000
0.0966318814,0.9965127752,0.0000000000
0.4283308455,0.2394199655,0.0000000000
0.1272393239,0.7638129316,0.0000000000
0.9684211283,0.1900668597,0.0000000000
0.9229450456,0.7867904432,0.0000000000
0.8204529982,0.3762206175,0.0000000000
0.9037896132,0.8000271238,0.0000000000
0.0424944520,0.0641542438,0.0000000000
0.5814746401,0.0402427946,0.0000000000
0.8517789307,0.1736223307,0.0000000000
0.2160109189,0.4127956364,0.0000000000
0.1394615013,0.2462667163,0.0000000000
0.8549882507,0.4085390097,0.0000000000
0.7851814039,0.1958936853,0.0000000000
0.6655017356,0.1927545929,0.0000000000
0.5395133073,0.0273872951,0.0000000000
0.4499059153,0.4639296414,0.0000000000
0.9507125320,0.7027765025,0.0000000000
0.7277849520,0.9060661199,0.0000000000
0.8276185199,0.2994876008,0.0000000000
0.1970643386,0.5472980175,0.0000000000
0.8031425776,0.3099647083,0.0000000000
0.7188222848,0.5402251402,0.0000000000
0.6477762463,0.9153487833,0.0000000000
0.7941580256,0.4182654454,0.0000000000
0.3867437630,0.5553584414,0.0000000000
0.3726515767,0.0359419686,0.0000000000
0.9359120125,0.2500434487,0.0000000000
0.8221790174,0.3405163782,0.0000000000
0.6572578054,0.0425717197,0.0000000000
0.0988241753,0.3222452376,0.0000000000
0.7073323357,0.0302107003,0.0000000000
0.9833523182,0.5865942043,0.0000000000
0.8545240475,0.1582679367,0.0000000000
0.1750047627,0.8446078598,0.0000000000
0.4329289625,0.4742357997,0.0000000000
0.7352412606,0.4196687970,0.0000000000
0.9374661686,0.9080123457,0.0000000000
0.4304501960,0.9193308947,0.0000000000
0.7089309400,0.4958920198,0.0000000000
0.7771771831,0.6335544540,0.0000000000
0.5283577169,0.5903574347,0.0000000000
0.3795007028,0.3990225488,0.0000000000
0.7053000889,0.9933730832,0.0000000000
0.2459292084,0.7201335424,0.0000000000
0.6745173420,0.9439702743,0.0000000000
0.8089080249,0.3650923785,0.0000000000
0.7456760659,0.7748285708,0.0000000000
0.4367601057,0.9754087903,0.0000000000
0.1193086154,0.6582567768,0.0000000000
0.3954071403,0.6417600568,0.0000000000
0.7158889472,0.4488147951,0.0000000000
0.6858589225,0.8677839935,0.0000000000
0.0671704241,0.8834100416,0.0000000000
0.0365643413,0.4968391936,0.0000000000
0.2816473863,0.0749357607,0.0000000000
0.2642182803,0.4185605782,0.0000000000
0.3576880691,0.4450908461,0.0000000000
0.8187799136,0.2133821728,0.0000000000
0.4187816386,0.3987927046,0.0000000000
0.9915550308,0.1415528307,0.0000000000
0.8092144595,0.8995320651,0.0000000000
0.3246977030,0.5268341089,0.0000000000
0.8038093746,0.9534913279,0.0000000000
0.9155702934,0.1005902963,0.0000000000
0.4768419870,0.1953511342,0.0000000000
0.2843398539,0.7576104958,0.0000000000
0.4742098890,0.5329746949,0.0000000000
0.2791773827,0.7592223960,0.0000000000
0.5515340602,0.9196684945,0.0000000000
0.1968785656,0.5097854583,0.0000000000
0.4438411035,0.6330344343,0.0000000000
0.7911759137,0.8459895877,0.0000000000
0.0422229638,0.2406122374,0.0000000000
0.9994065185,0.8301096684,0.0000000000
0.8697286191,0.6413426906,0.0000000000
0.9650182994,0.1083189531,0.0000000000
0.6876648800,0.0331494459,0.0000000000
0.6316983806,0.0686951561,0.0000000000
0.6022489826,0.9900625701,0.0000000000
0.7635966296,0.2494351713,0.0000000000
0.6102405058,0.4820250142,0.0000000000
0.4668374862,0.5627122434,0.0000000000
0.9004730337,0.7326081046,0.0000000000
0.3496668718,0.8310824304,0.0000000000
0.7930866598,0.8788445240,0.0000000000
0.3611888510,0.1465842350,0.0000000000
0.3193990050,0.3840376358,0.0000000000
0.0798003043,0.2969403602,0.0000000000
0.0032248331,0.0546983259,0.0000000000
0.5359154593,0.9501398173,0.0000000000
0.2744516572,0.5051174533,0.0000000000
0.6125130050,0.5245337295,0.0000000000
0.6605506084,0.8582739372,0.0000000000
0.1707780052,0.1827765279,0.0000000000
0.9259107581,0.9255754442,0.0000000000
0.1703964376,0.0259775063,0.0000000000
0.6256492230,0.1791865700,0.0000000000
0.5012240920,0.5884430707,0.0000000000
0.3362254978,0.1034710281,0.0000000000
0.0342243409,0.7500086542,0.0000000000
0.0528159552,0.9821299638,0.0000000000
0.0459053903,0.6051905209,0.0000000000
0.7517364372,0.6572028215,0.0000000000
0.3007349905,0.1408184123,0.0000000000
0.2614163870,0.4207715628,0.0000000000
0.9845734006,0.5793760766,0.0000000000
0.8034327328,0.7870816956,0.0000000000
0.3257537335,0.1786128542,0.0000000000
0.0431500574,0.7493310871,0.0000000000
0.3519692406,0.8008424457,0.0000000000
0.4062800390,0.6508848566,0.0000000000
0.9152617044,0.6992510843,0.0000000000
0.5069466271,0.6877034114,0.0000000000
0.1566648869,0.1804652474,0.0000000000
0.7438207749,0.6941946552,0.0000000000
0.1733689081,0.0221795778,0.0000000000
0.1395726050,0.8389029177,0.0000000000
0.3351134450,0.6319950152,0.0000000000
0.6499524643,0.3233332522,0.0000000000
0.9866596505,0.8836511549,0.0000000000
0.5559449270,0.2135628852,0.0000000000
0.9555042403,0.5292619271,0.0000000000
0.8114545551,0.9775009426,0.0000000000
0.6066468866,0.6372431552,0.0000000000
0.6284075722,0.2540361792,0.0000000000
0.6285134636,0.2185786655,0.0000000000
0.7825136476,0.8681413844,0.0000000000
0.3704341248,0.2629960893,0.0000000000
0.5830174895,0.8977494574,0.0000000000
0.6125911968,0.7738667673,0.0000000000
0.4970424801,0.9803215582,0.0000000000
0.9479728004,0.8923803043,0.0000000000
0.3328413155,0.0970200869,0.0000000000
0.5320025051,0.7948540506,0.0000000000
0.2414907624,0.4764786653,0.0000000000
0.9625545947,0.5482379941,0.0000000000
0.8925036475,0.2757547129,0.0000000000
0.2838685225,0.3599641856,0.0000000000
0.5734780365,0.1496648035,0.0000000000
0.0027589077,0.0095905277,0.0000000000
0.2233445588,0.8534405389,0.0000000000
0.7890454603,0.5583876237,0.0000000000
0.3654822707,0.4728842399,0.0000000000
0.9898350954,0.6648213176,0.0000000000
0.7493733546,0.4069724048,0.0000000000
0.5968201557,0.0790674667,0.0000000000
0.9504828864,0.3007183427,0.0000000000
0.9999207306,0.0528446244,0.0000000000
0.2864489244,0.2677799532,0.0000000000
0.0697273206,0.2486983439,0.0000000000
0.7436093111,0.2959015661,0.0000000000
0.1752649658,0.1786205078,0.0000000000
0.4065951906,0.6943137588,0.0000000000
0.2513949972,0.7242463413,0.0000000000
0.6835140967,0.4101108048,0.0000000000
0.8665863800,0.6647512872,0.0000000000
0.7500369055,0.4464678205,0.0000000000
0.1876084651,0.8639731424,0.0000000000
0.8880390185,0.8743120354,0.0000000000
0.1896533036,0.9943649477,0.0000000000
0.6328694816,0.0573051922,0.0000000000
0.0907117757,0.5363808234,0.0000000000
0.2926213787,0.5738618222,0.0000000000
0.9863986679,0.0006654062,0.0000000000
0.1969021177,0.1502779619,0.0000000000
0.9545693225,0.4826861874,0.0000000000
0.8614140714,0.5312106432,0.0000000000
0.8606313221,0.7633787898,0.0000000000
0.0589914662,0.8304872307,0.0000000000
0.1185962647,0.8752632205,0.0000000000
0.2061040426,0.1165422317,0.0000000000
0.3390822137,0.2722122224,0.0000000000
0.4284941613,0.2339049437,0.0000000000
0.4847795309,0.0507807267,0.0000000000
0.6786033357,0.4910615940,0.0000000000
0.4643963291,0.3068856971,0.0000000000
0.7828692991,0.1875002292,0.0000000000
0.8481621132,0.9034293771,0.0000000000
0.6015222865,0.3894314404,0.0000000000
0.9373551568,0.6394573976,0.0000000000
0.7818315071,0.7358887744,0.0000000000
0.6193231535,0.3706975673,0.0000000000
0.1100348990,0.9179852558,0.0000000000
0.7866804036,0.0220704370,0.0000000000
0.8398411517,0.4496906388,0.0000000000
0.5273410396,0.0088077413,0.0000000000
0.6615339663,0.6659980438,0.0000000000
0.2294431257,0.6001041830,0.0000000000
0.4185770571,0.5702376358,0.0000000000
0.7674715703,0.9415698989,0.0000000000
0.2859297386,0.0906117964,0.0000000000
0.5964099311,0.5858333094,0.0000000000
0.3860780138,0.1181169300,0.0000000000
0.5913330948,0.6307246811,0.0000000000
0.3305209436,0.5785892247,0.0000000000
0.9657284518,0.9046760856,0.0000000000
0.1708790477,0.2904565572,0.0000000000
0.2571960867,0.5824416356,0.0000000000
0.1857384236,0.5471158961,0.0000000000
0.8348817830,0.7358652546,0.0000000000
0.3516555116,0.7297223433,0.0000000000
0.7190292795,0.4119660160,0.0000000000
0.2385937061,0.0395033118,0.0000000000
0.5453729654,0.8634736348,0.0000000000
0.5923398646,0.1922072029,0.0000000000
0.8134236777,0.3190883298,0.0000000000
0.3659074537,0.0551612018,0.0000000000
0.9283944027,0.1219656914,0.0000000000
0.8247924050,0.3369263105,0.0000000000
0.3182453972,0.2384529912,0.0000000000
0.0092270794,0.8777360403,0.0000000000
0.0984078947,0.9778710626,0.0000000000
0.2611464786,0.6212041414,0.0000000000
0.3676383827,0.9208607615,0.0000000000
0.0911825698,0.7351174872,0.0000000000
0.2425737793,0.1970220203,0.0000000000
0.5144591113,0.0255076131,0.0000000000
0.0462404317,0.3745230972,0.0000000000
0.5858100235,0.6157884166,0.0000000000
0.4521371988,0.8487850494,0.0000000000
0.2766062205,0.4606365468,0.0000000000
0.5754441403,0.9959218814,0.0000000000
0.3634066924,0.8487613030,0.0000000000
0.6658175069,0.1654808273,0.0000000000
0.8179132216,0.2382620508,0.0000000000
0.6560711622,0.2117264881,0.0000000000
0.7215670497,0.9697380096,0.0000000000
0.8144115365,0.4103559902,0.0000000000
0.8032308224,0.4365112161,0.0000000000
0.9051674969,0.1419101250,0.0000000000
0.4173486108,0.8349424170,0.0000000000
0.4376627043,0.5377108581,0.0000000000
0.9017128075,0.3399567659,0.0000000000
0.6455386590,0.2893451359,0.0000000000
0.0153817007,0.9530847561,0.0000000000
0.9467041659,0.1218176604,0.0000000000
0.6331244219,0.9853597539,0.0000000000
0.0200775228,0.7143343530,0.0000000000
0.0177198997,0.6107047645,0.0000000000
0.2832444737,0.9702314526,0.0000000000
0.7044221645,0.7561337330,0.0000000000
0.0339434957,0.3523123675,0.0000000000
0.5823162445,0.7077877309,0.0000000000
0.2346248894,0.6318436412,0.0000000000
0.3580348926,0.9087287585,0.0000000000
0.5237185151,0.2085786308,0.0000000000
0.9528851739,0.5365127058,0.0000000000
0.5226872964,0.8634882895,0.0000000000
0.6579849972,0.4480228534,0.0000000000
0.0013081252,0.1522409918,0.0000000000
0.1680062576,0.4387702949,0.0000000000
0.3994965831,0.0970662510,0.0000000000
0.3243279533,0.0379369847,0.0000000000
0.6981621783,0.0428613272,0.0000000000
0.4978940516,0.1263427490,0.0000000000
0.6919872409,0.8618322368,0.0000000000
0.4526023007,0.5627899252,0.0000000000
0.0041591121,0.3250780405,0.0000000000
0.5436070606,0.1652339197,0.0000000000
0.7169247368,0.5190766657,0.0000000000
0.3041966738,0.6961570128,0.0000000000
0.6690135703,0.0447338500,0.0000000000
0.7443264823,0.7218915330,0.0000000000
0.7406571209,0.8819921475,0.0000000000
0.4260085124,0.6852490127,0.0000000000
0.3215632457,0.7538109366,0.0000000000
0.5147435699,0.8219537090,0.0000000000
0.7071595369,0.6971900185,0.0000000000
0.7120310807,0.9608782024,0.0000000000
0.1198534625,0.1973455218,0.0000000000
0.7006512598,0.6029553404,0.0000000000
0.3757282246,0.3622670231,0.0000000000
0.0616526682,0.9414567136,0.0000000000
0.8872824814,0.8230107372,0.0000000000
0.2789865869,0.9770231289,0.0000000000
0.2036036487,0.8364734446,0.0000000000
0.1603631536,0.6399164968,0.0000000000
0.4459522397,0.6779611154,0.0000000000
0.8922890865,0.5797426786,0.0000000000
0.1932874784,0.1743325291,0.0000000000
0.6027686988,0.9787136190,0.0000000000
0.6812242508,0.2739251202,0.0000000000
0.0574993068,0.2489813049,0.0000000000
0.0931172993,0.9269716678,0.0000000000
0.5736222480,0.6889890113,0.0000000000
0.7925242149,0.6661689807,0.0000000000
0.0661215831,0.1209682288,0.0000000000
0.1955942548,0.2308188051,0.0000000000
0.9848655247,0.4262947190,0.0000000000
0.6742374894,0.7777577451,0.0000000000
0.3752535043,0.7522513772,0.0000000000
0.4352311903,0.1929396555,0.0000000000
0.3852175208,0.2182442785,0.0000000000
0.7063048450,0.9753918869,0.0000000000
0.6775320958,0.4186597972,0.0000000000
0.6563640976,0.9724987607,0.0000000000
0.6700672091,0.6027555328,0.0000000000
0.7159345695,0.5038173634,0.0000000000
0.5213342211,0.4836278694,0.0000000000
0.8864631156,0.0817685857,0.0000000000
0.3591433020,0.3294035787,0.0000000000
0.6167615862,0.4613963032,0.0000000000
0.5754478357,0.4748140872,0.0000000000
0.2898236670,0.9988006008,0.0000000000
0.7856942576,0.8427212480,0.0000000000
0.8539732350,0.1016013400,0.0000000000
0.8613009884,0.4985635449,0.0000000000
0.3111634762,0.6344820149,0.0000000000
0.3873921351,0.6935535240,0.0000000000
0.3681537985,0.8851625355,0.0000000000
0.3664942824,0.2746921795,0.0000000000
0.0781263124,0.0002329622,0.0000000000
0.7928152640,0.4870814319,0.0000000000
0.1094032027,0.9900922107,0.0000000000
0.0461950190,0.7266244955,0.0000000000
0.9005227766,0.9385954257,0.0000000000
0.1527373007,0.2841930260,0.0000000000
0.9142098161,0.1368154680,0.0000000000
0.4819370212,0.5470919619,0.0000000000
0.7816069122,0.3392274248,0.0000000000
0.7670639592,0.9237421292,0.0000000000
0.2811221524,0.9660669483,0.0000000000
0.6346846543,0.3107364963,0.0000000000
0.5177942721,0.6227856118,0.0000000000
0.7178050769,0.0587552556,0.0000000000
0.7843972456,0.8352950869,0.0000000000
0.1296569225,0.4762281287,0.0000000000
0.4298689399,0.8902654093,0.0000000000
0.5593211612,0.1385016513,0.0000000000
0.6959007459,0.1385658094,0.0000000000
0.3075583035,0.0266349957,0.0000000000
0.4311607414,0.8467571187,0.0000000000
0.6259109356,0.3952505185,0.0000000000
0.5291390680,0.3181967443,0.0000000000
0.9528951476,0.8991806559,0.0000000000
0.2118504246,0.3819747780,0.0000000000
0.7266352483,0.7038460132,0.0000000000
0.1804493512,0.0386240121,0.0000000000
0.9213479495,0.5938535983,0.0000000000
0.2011402136,0.2563194132,0.0000000000
0.9123332634,0.2615128141,0.0000000000
0.5720294478,0.0890633025,0.0000000000
0.9983540105,0.7120996669,0.0000000000
0.5022507368,0.3592649066,0.0000000000
0.1054261819,0.1415318890,0.0000000000
0.5155066426,0.0520528170,0.0000000000
0.5837897123,0.2355247424,0.0000000000
0.4583862372,0.3065448004,0.0000000000
0.1571109336,0.8578166949,0.0000000000
0.4348976428,0.4633845233,0.0000000000
0.5355297851,0.8455452818,0.0000000000
0.9690929653,0.3215273542,0.0000000000
0.3180187849,0.0827194833,0.0000000000
0.4674255032,0.0796509559,0.0000000000
0.2124517874,0.1943323679,0.0000000000
0.2861532746,0.3170979010,0.0000000000
0.9223491841,0.2859472551,0.0000000000
0.5166378572,0.6315223571,0.0000000000
0.0439999921,0.7327278872,0.0000000000
0.7538529446,0.7349664603,0.0000000000
0.6537097485,0.5207903797,0.0000000000
0.2614426902,0.7482667393,0.0000000000
0.6540442594,0.1668920799,0.0000000000
0.0430042284,0.7719695510,0.0000000000
0.0811212889,0.9629977872,0.0000000000
0.6637349987,0.5385296606,0.0000000000
0.7489492621,0.6198142479,0.0000000000
0.1129815718,0.5832334761,0.0000000000
0.3031036317,0.4129642974,0.0000000000
0.9174349578,0.8499803320,0.0000000000
0.1554853737,0.9619345151,0.0000000000
0.9882289411,0.0920540169,0.0000000000
0.6890309017,0.6112278570,0.0000000000
0.1678034075,0.4305656306,0.0000000000
0.5005241170,0.5724694460,0.0000000000
0.2317008457,0.9929989523,0.0000000000
0.9100160534,0.9886957559,0.0000000000
0.0378865088,0.5500674368,0.0000000000
0.8727445519,0.3527471924,0.0000000000
0.0766179136,0.9289615492,0.0000000000
0.8706602936,0.8225486511,0.0000000000
0.8903850816,0.5499577013,0.0000000000
0.8155860744,0.1813433063,0.0000000000
0.7191609303,0.8894943424,0.0000000000
0.5759386178,0.8422480088,0.0000000000
0.9048978245,0.6999849969,0.0000000000
0.1297326772,0.3856965753,0.0000000000
0.8579749633,0.8817852910,0.0000000000
0.9023811079,0.6078430585,0.0000000000
0.0626062589,0.2202288319,0.0000000000
0.2937555920,0.2352023086,0.0000000000
0.1738053118,0.2972794380,0.0000000000
0.2606664539,0.6474878724,0.0000000000
0.0647498588,0.2744821612,0.0000000000
0.8427921945,0.2946003635,0.0000000000
0.3788267919,0.9838799466,0.0000000000
0.2009444451,0.3939239681,0.0000000000
0.2478180911,0.6420119302,0.0000000000
0.7890972800,0.9327505180,0.0000000000
0.2679172929,0.0369647189,0.0000000000
0.9663280038,0.1749208676,0.0000000000
0.8742221368,0.9441894842,0.0000000000
0.9481181954,0.7313952110,0.0000000000
0.7566306571,0.6101435775,0.0000000000
0.7181873775,0.9385091488,0.0000000000
0.1865447387,0.5210411944,0.0000000000
0.8828750126,0.2220857103,0.0000000000
0.1879944746,0.0808903089,0.0000000000
0.9086178296,0.4151084835,0.0000000000
0.6136499161,0.8266218694,0.0000000000
0.7227547859,0.8374453168,0.0000000000
0.0647717082,0.2931222719,0.0000000000
0.3484554583,0.7754325146,0.0000000000
0.1585189106,0.3607891325,0.0000000000
0.9833507928,0.2172100329,0.0000000000
0.4659367624,0.1522630333,0.0000000000
0.7598137612,0.9646733873,0.0000000000
0.9473994014,0.8134186449,0.0000000000
0.1779018633,0.9271701454,0.0000000000
0.4715405840,0.0216213210,0.0000000000
0.5631854273,0.7433621224,0.0000000000
0.7115010673,0.9427475732,0.0000000000
0.7866396813,0.2482599443,0.0000000000
0.3859738448,0.5783520600,0.0000000000
0.2243755888,0.5392142911,0.0000000000
0.8541197992,0.4633560784,0.0000000000
0.9535115068,0.8602946041,0.0000000000
0.2928727864,0.9819643681,0.0000000000
0.3787865801,0.3447062413,0.0000000000
0.1725108654,0.6775321247,0.0000000000
0.6445139183,0.7612466765,0.0000000000
0.2514304372,0.8107264300,0.0000000000
0.4983453976,0.5318265224,0.0000000000
0.9656068578,0.4013653244,0.0000000000
0.4628272357,0.2221874728,0.0000000000
0.1988620115,0.6737817245,0.0000000000
0.8412089025,0.2965405758,0.0000000000
0.2944326940,0.4827400076,0.0000000000
0.2055226693,0.2221685455,0.0000000000
0.9687236634,0.1748095553,0.0000000000
0.9678474707,0.5062629457,0.0000000000
0.4158571457,0.4823242079,0.0000000000
0.1123009477,0.7881753812,0.0000000000
0.6934952168,0.6039332341,0.0000000000
0.1763421733,0.3448225059,0.0000000000
0.8491667756,0.2992442437,0.0000000000
0.6483644074,0.8539289946,0.0000000000
0.0135431693,0.1718181427,0.0000000000
0.1607959515,0.7218487609,0.0000000000
0.1299231722,0.3462432385,0.0000000000
0.9864786307,0.8578865633,0.0000000000
0.3702000240,0.2354396699,0.0000000000
0.4671663564,0.4194654900,0.0000000000
0.7202730059,0.9572812569,0.0000000000
0.9734468010,0.8305962356,0.0000000000
0.5834666014,0.5832765338,0.0000000000
0.6833448549,0.0722385534,0.0000000000
0.2525848377,0.5081467200,0.0000000000
0.3915305253,0.5393386786,0.0000000000
0.0501412674,0.6563431138,0.0000000000
0.7834007968,0.3807781224,0.0000000000
0.7703236333,0.6671640490,0.0000000000
0.7623827577,0.0813894496,0.0000000000
0.2177090662,0.6660860673,0.0000000000
0.8339020660,0.5268666551,0.0000000000
0.0009584176,0.2910273300,0.0000000000
0.9480387000,0.0535593747,0.0000000000
0.0629738956,0.0521690790,0.0000000000
0.1625661922,0.6491150184,0.0000000000
0.5875774503,0.1560872682,0.0000000000
0.0675957362,0.6010776676,0.0000000000
0.1231725963,0.6097223192,0.0000000000
0.2632005217,0.2567299144,0.0000000000
0.8895508649,0.4767102131,0.0000000000
0.0251811244,0.8111676376,0.0000000000
0.6725542629,0.7557208912,0.0000000000
0.4865433015,0.3744120485,0.0000000000
0.2494117648,0.9330637704,0.0000000000
0.2003775992,0.9892863120,0.0000000000
0.7729626419,0.6702404823,0.0000000000
0.7503366238,0.2262306990,0.0000000000
0.2931095656,0.8275808986,0.0000000000
0.1683109248,0.9856652548,0.0000000000
0.7835981516,0.5071664132,0.0000000000
0.4302928284,0.0878639912,0.0000000000
0.6257671316,0.6482032708,0.0000000000
0.2482683553,0.2301345436,0.0000000000
0.3155909939,0.6859451863,0.0000000000
0.9022334465,0.7343720355,0.0000000000
0.6887654206,0.3557917225,0.0000000000
0.6032566659,0.4050534759,0.0000000000
0.8002958410,0.4116827190,0.0000000000
0.4955632360,0.8391181724,0.0000000000
0.3134886021,0.3852329652,0.0000000000
0.8433886641,0.7199400969,0.0000000000
0.9675415799,0.4616687563,0.0000000000
0.6264971061,0.5949833487,0.0000000000
0.0504381932,0.9663729503,0.0000000000
0.8815224746,0.4166780918,0.0000000000
0.3987598018,0.3769688014,0.0000000000
0.5003161156,0.5834347816,0.0000000000
0.4438850183,0.5617867379,0.0000000000
0.1329033666,0.5979465476,0.0000000000
0.9442757434,0.6415857435,0.0000000000
0.1049505715,0.5093505241,0.0000000000
0.1691247516,0.8730912030,0.0000000000
0.9129879988,0.3136829094,0.0000000000
0.1268242006,0.9995974144,0.0000000000
0.8801308661,0.6071675750,0.0000000000
0.3273888921,0.1112658288,0.0000000000
0.3910984737,0.1397734469,0.0000000000
0.7366879459,0.3283902826,0.0000000000
0.5015703144,0.2967256947,0.0000000000
0.3973235507,0.0815347050,0.0000000000
0.4269856684,0.6721021936,0.0000000000
0.1293825734,0.9670778684,0.0000000000
0.0926025233,0.1927464232,0.0000000000
0.1944925024,0.3696874349,0.0000000000
0.3883944171,0.3720346385,0.0000000000
0.4439203328,0.7086439994,0.0000000000
0.7589610269,0.6131537351,0.0000000000
0.5200959117,0.9463619037,0.0000000000
0.6924550830,0.3183872562,0.0000000000
0.5010276931,0.4515536933,0.0000000000
0.5860143031,0.1269274940,0.0000000000
0.9754080917,0.9886083679,0.0000000000
0.8610200269,0.5847598604,0.0000000000
0.7285512498,0.9255649114,0.0000000000
0.7757280987,0.7686082023,0.0000000000
0.1637323690,0.1983784409,0.0000000000
0.1444759800,0.3688114265,0.0000000000
0.6287970541,0.9224342884,0.0000000000
0.7098712854,0.9468017821,0.0000000000
0.5042377903,0.1318412609,0.0000000000
0.8473847523,0.5003125889,0.0000000000
0.4202529672,0.8392679113,0.0000000000
0.9619360394,0.0617391355,0.0000000000
0.3476934742,0.9422937927,0.0000000000
0.4502967082,0.0072088366,0.0000000000
0.0293698559,0.9863504477,0.0000000000
0.9927220365,0.6871460676,0.0000000000
0.6280536539,0.5684933358,0.0000000000
0.6920568934,0.6340021257,0.0000000000
0.0825204388,0.6496067984,0.0000000000
0.8316346573,0.6998637032,0.0000000000
0.7533062045,0.2129754560,0.0000000000
0.7899361762,0.7114962390,0.0000000000
0.3230284866,0.4974076679,0.0000000000
0.8771564394,0.8907179077,0.0000000000
0.1879373742,0.2674344221,0.0000000000
0.3167765202,0.9992695636,0.0000000000
0.6046126276,0.0656313101,0.0000000000
0.1162336949,0.8609920936,0.0000000000
0.3992669485,0.7520707833,0.0000000000
0.6726114320,0.3255429614,0.0000000000
0.1852477914,0.6314076307,0.0000000000
0.2047332869,0.1171690002,0.0000000000
0.4022581508,0.3635534496,0.0000000000
0.8997551359,0.8637977597,0.0000000000
0.8626217452,0.0560903261,0.0000000000
0.6784552995,0.3303285124,0.0000000000
0.1435021329,0.5224617096,0.0000000000
0.8325967596,0.7167102327,0.0000000000
0.4174986150,0.1449508432,0.0000000000
0.4033363136,0.8564219673,0.0000000000
0.1236875489,0.2072301411,0.0000000000
0.1175723126,0.0040576687,0.0000000000
0.3948611984,0.4357049406,0.0000000000
0.0379527594,0.5115954048,0.0000000000
0.4051499368,0.5047228410,0.0000000000
0.8853184955,0.0676632618,0.0000000000
0.1225779753,0.0136244324,0.0000000000
0.8736843872,0.0886591519,0.0000000000
0.7970682315,0.8194717864,0.0000000000
0.3872699337,0.4029376544,0.0000000000
0.9048015561,0.6691202847,0.0000000000
0.2602836229,0.2892834032,0.0000000000
0.6511602057,0.1206456085,0.0000000000
0.0437229583,0.2739944949,0.0000000000
0.6140272412,0.9557536075,0.0000000000
0.0558486514,0.0193854445,0.0000000000
0.3900671075,0.9357063646,0.0000000000
0.0196204735,0.0973457939,0.0000000000
0.3476940908,0.2822141807,0.0000000000
0.7992926898,0.9024148472,0.0000000000
0.9207289782,0.1795424954,0.0000000000
0.2047396873,0.2648110575,0.0000000000
0.3149167101,0.2002166889,0.0000000000
0.0619834456,0.7259887915,0.0000000000
0.6208500600,0.2899868983,0.0000000000
0.7599106570,0.8787507088,0.0000000000
0.9766282158,0.1524802068,0.0000000000
0.7826760975,0.1823332560,0.0000000000
0.8650416403,0.2023958240,0.0000000000
0.9095288109,0.2812920457,0.0000000000
0.4286564085,0.4250768147,0.0000000000
0.3624998087,0.5244757539,0.0000000000
0.9988784458,0.2852398737,0.0000000000
0.0987953998,0.8404865092,0.0000000000
0.0240540063,0.0748634848,0.0000000000
0.7981997075,0.5804638079,0.0000000000
0.2609201226,0.2783371815,0.0000000000
0.5645203862,0.9719947991,0.0000000000
0.6201975569,0.9376791559,0.0000000000
0.3214488724,0.9891087636,0.0000000000
0.1300792479,0.4981541349,0.0000000000
0.0940755429,0.1312341112,0.0000000000
0.5684694703,0.0697109498,0.0000000000
0.5997921959,0.1391933221,0.0000000000
0.3820100786,0.1974101489,0.0000000000
0.1551473222,0.7066604678,0.0000000000
0.3680262093,0.7804389924,0.0000000000
0.5961934934,0.4661676418,0.0000000000
0.3401075511,0.8683249421,0.0000000000
0.5713866711,0.3656771671,0.0000000000
0.0819891411,0.9424671822,0.0000000000
0.3428058342,0.2207802352,0.0000000000
0.7781195619,0.0226519064,0.0000000000
0.7296583286,0.9694509871,0.0000000000
0.8141782080,0.6050420371,0.0000000000
0.6977127348,0.8071427459,0.0000000000
0.9489025692,0.4573687796,0.0000000000
0.8842404095,0.3631487730,0.0000000000
0.3903719625,0.6562237933,0.0000000000
0.1292294973,0.9531745776,0.0000000000
0.7991901735,0.5365326173,0.0000000000
0.4466701330,0.9157822993,0.0000000000
0.8074365948,0.8901428261,0.0000000000
0.9607014697,0.4943889312,0.0000000000
0.9833969012,0.6828840010,0.0000000000
0.4689567860,0.5152277900,0.0000000000
0.2301135185,0.9188801238,0.0000000000
0.7930268083,0.8990214600,0.0000000000
0.3486748826,0.7495562110,0.0000000000
0.5500626770,0.0074902598,0.0000000000
0.6519463401,0.2108617632,0.0000000000
0.6540460677,0.2101691977,0.0000000000
0.0150853818,0.5091332578,0.0000000000
0.6344858833,0.0795183861,0.0000000000
0.1321269854,0.4540753524,0.0000000000
0.8281513272,0.0231326469,0.0000000000
0.5818596965,0.8816960654,0.0000000000
0.5094399894,0.6071824932,0.0000000000
0.8020134962,0.9528412841,0.0000000000
0.0956800148,0.1148156239,0.0000000000
0.1807536451,0.8228102844,0.0000000000
0.2496647596,0.2220872703,0.0000000000
0.3196504691,0.7759938947,0.0000000000
0.8195144117,0.0319409304,0.0000000000
0.6522881533,0.2762040664,0.0000000000
0.3600134739,0.1703117996,0.0000000000
0.9642356106,0.0780724210,0.0000000000
0.8754637191,0.0516492568,0.0000000000
0.9516119854,0.3615899556,0.0000000000
0.8131069782,0.4280745588,0.0000000000
0.7865294853,0.9044102973,0.0000000000
0.4528855227,0.8621094972,0.0000000000
0.2913449914,0.6858064899,0.0000000000
0.2956181486,0.9836740209,0.0000000000
0.8474703396,0.0125908916,0.0000000000
0.6960218983,0.8869519712,0.0000000000
0.9555128536,0.6998157077,0.0000000000
0.9316290542,0.4517883381,0.0000000000
0.3511153604,0.6041311106,0.0000000000
0.6383311321,0.8989707524,0.0000000000
0.5083826564,0.6393781381,0.0000000000
0.5919571132,0.3417787978,0.0000000000
0.3389333428,0.3348569782,0.0000000000
0.2461964638,0.1457959712,0.0000000000
0.9333265442,0.0752649541,0.0000000000
0.3246311170,0.8551285719,0.0000000000
0.1370191872,0.3150195450,0.0000000000
0.8564712697,0.4120912490,0.0000000000
0.1183765545,0.0375482445,0.0000000000
0.1214858782,0.9982175737,0.0000000000
0.7327041492,0.3374856092,0.0000000000
0.4985192861,0.2401246072,0.0000000000
0.7383205997,0.9991290217,0.0000000000
0.5728401633,0.7902042619,0.0000000000
0.0308061206,0.3539235518,0.0000000000
0.1487572506,0.7023268878,0.0000000000
0.6612645056,0.3279532729,0.0000000000
0.1086706707,0.2775660542,0.0000000000
0.7311896346,0.7222313577,0.0000000000
0.9210932011,0.6339335793,0.0000000000
0.7489955966,0.0553583770,0.0000000000
0.0717241440,0.4978255062,0.0000000000
0.4480418078,0.6705065370,0.0000000000
0.5798340914,0.4891816513,0.0000000000
0.4746253141,0.6543961374,0.0000000000
0.1690383132,0.4637923311,0.0000000000
0.3835130133,0.1668334957,0.0000000000
0.8901906028,0.6469062768,0.0000000000
0.3293334790,0.7508146882,0.0000000000
0.7125624081,0.4807858001,0.0000000000
0.2051955279,0.8976640804,0.0000000000
0.8782333962,0.2184888022,0.0000000000
0.3536826443,0.3254742285,0.0000000000
0.0524146636,0.6693188696,0.0000000000
0.2833531916,0.3476844642,0.0000000000
0.5404581502,0.5343577393,0.0000000000
0.4686395036,0.4276743119,0.0000000000
0.2384306643,0.7083379910,0.0000000000
0.0429594151,0.1161453434,0.0000000000
0.6997559875,0.6725520678,0.0000000000
0.3154902906,0.0584155204,0.0000000000
0.4206393063,0.8831428954,0.0000000000
0.4595722731,0.9757985296,0.0000000000
0.3617859068,0.0524471554,0.0000000000
0.3462332195,0.7704260905,0.0000000000
0.8692995628,0.4479753135,0.0000000000
0.8764368624,0.1604718591,0.0000000000
0.9593835172,0.9134374746,0.0000000000
0.9559319807,0.5257742016,0.0000000000
0.5635256899,0.2125829503,0.0000000000
0.6320792601,0.5332052542,0.0000000000
0.6193798133,0.4929337777,0.0000000000
0.4198185395,0.5464036816,0.0000000000
0.0223904258,0.3151909251,0.0000000000
0.4845628932,0.4278616791,0.0000000000
0.3661266060,0.9531810797,0.0000000000
0.2242564972,0.5083031788,0.0000000000
0.9803769308,0.8341703454,0.0000000000
0.3151229785,0.9093989076,0.0000000000
0.1830020373,0.2838335179,0.0000000000
0.4604504157,0.7682778536,0.0000000000
0.6781263500,0.7009027508,0.0000000000
0.7210601832,0.0951165118,0.0000000000
0.0451117478,0.8588547230,0.0000000000
0.9035417370,0.9436083611,0.0000000000
0.0210769391,0.8533661569,0.0000000000
0.1586904118,0.7994781306,0.0000000000
0.7516406438,0.2707819164,0.0000000000
0.2298295327,0.1657508980,0.0000000000
0.4561726938,0.8022586896,0.0000000000
0.7695138126,0.7056310365,0.0000000000
0.5594412240,0.7793333864,0.0000000000
0.9168005424,0.2360877753,0.0000000000
0.0559703180,0.2711097989,0.0000000000
0.9113493160,0.5781605983,0.0000000000
0.7721194910,0.3798700047,0.0000000000
0.1892315991,0.5507721285,0.0000000000
0.1402682355,0.8864367256,0.0000000000
0.6044442643,0.8499202197,0.0000000000
0.6895296304,0.3174351006,0.0000000000
0.7325328787,0.0084572836,0.0000000000
0.1044958284,0.9695633784,0.0000000000
0.2589107963,0.7327526789,0.0000000000
0.5341656982,0.1682537357,0.0000000000
0.2928381007,0.5891458333,0.0000000000
0.3535651053,0.7614098037,0.0000000000
0.2258404502,0.1706381529,0.0000000000
0.3154069099,0.8505490916,0.0000000000
0.7119420589,0.3316566253,0.0000000000
0.5316097158,0.0704668764,0.0000000000
0.3438681871,0.7575847480,0.0000000000
0.6126000264,0.9877725016,0.0000000000
0.2163095260,0.7783096199,0.0000000000
0.3763672425,0.3339104111,0.0000000000
0.9171551334,0.2294722061,0.0000000000
0.4040940840,0.6810993468,0.0000000000
0.8864375044,0.8182070515,0.0000000000
0.1241229087,0.0337475039,0.0000000000
0.1174720305,0.2750792915,0.0000000000
0.7546722986,0.2745955018,0.0000000000
0.3994570985,0.1389079167,0.0000000000
0.7158304544,0.0306921976,0.0000000000
0.9084547621,0.1931279566,0.0000000000
0.4482665729,0.5718610190,0.0000000000
0.7184605426,0.4851930505,0.0000000000
0.9479940356,0.5656122143,0.0000000000
0.7557037401,0.6380309748,0.0000000000
0.5577150368,0.6614064548,0.0000000000
0.4474635403,0.7515831381,0.0000000000
0.7636978033,0.0289373518,0.0000000000
0.9628212772,0.9930536766,0.0000000000
0.7342019579,0.4487081219,0.0000000000
0.8692917785,0.5852892061,0.0000000000
0.4497877613,0.7136019911,0.0000000000
0.3361444902,0.5184472587,0.0000000000
0.5841163176,0.0226875978,0.0000000000
0.7643832183,0.4870415254,0.0000000000
0.3634251981,0.0858853886,0.0000000000
0.8500488164,0.3657886166,0.0000000000
0.2151660660,0.6189327614,0.0000000000
0.2137787141,0.4882817748,0.0000000000
0.3065509951,0.3130392662,0.0000000000
0.6911023763,0.6246584202,0.0000000000
0.0721295658,0.7382997992,0.0000000000
0.8323115544,0.5973875900,0.0000000000
0.9371529638,0.5008000919,0.0000000000
0.8287370747,0.1377346512,0.0000000000
0.1590976838,0.2357396007,0.0000000000
0.9140408702,0.5447481045,0.0000000000
0.3062689246,0.8417681987,0.0000000000
0.8668250720,0.3052822581,0.0000000000
0.6068554372,0.2918061568,0.0000000000
0.4572293361,0.3699851456,0.0000000000
0.8073035690,0.9048806751,0.0000000000
0.7618418185,0.7180037838,0.0000000000
0.9490150960,0.1057964821,0.0000000000
0.2334172255,0.8993656746,0.0000000000
0.2583001891,0.7601531368,0.0000000000
0.6735346523,0.7410466243,0.0000000000
0.6782912104,0.6624943187,0.0000000000
0.5554096123,0.4586789044,0.0000000000
0.3588020885,0.4116829589,0.0000000000
0.9376992433,0.0095255850,0.0000000000
0.2583454851,0.5594596645,0.0000000000
0.9569481706,0.2484754244,0.0000000000
0.3191703170,0.9645204412,0.0000000000
0.5651611811,0.9052397908,0.0000000000
0.4183609009,0.9134024126,0.0000000000
0.3205999372,0.0062774007,0.0000000000
0.0730487075,0.2376307502,0.0000000000
0.5844277629,0.3388560657,0.0000000000
0.4752985543,0.5857227136,0.0000000000
0.3293305483,0.2214228664,0.0000000000
0.8493330722,0.3014459789,0.0000000000
0.1095451186,0.7500908231,0.0000000000
0.4868815885,0.7478802206,0.0000000000
0.4884219043,0.2964860300,0.0000000000
0.8700371806,0.0739525848,0.0000000000
0.8308930401,0.3821788164,0.0000000000
0.0240034343,0.4924840487,0.0000000000
0.6993040880,0.6934668734,0.0000000000
0.1462825707,0.1810429561,0.0000000000
0.2938123039,0.4755209477,0.0000000000
0.2718048067,0.0111164218,0.0000000000
0.2673978533,0.1553795314,0.0000000000
0.0477231648,0.7394288605,0.0000000000
0.0157097110,0.7324351940,0.0000000000
0.6017589104,0.0962029940,0.0000000000
0.5059673350,0.6622921124,0.0000000000
0.8661854556,0.4092492658,0.0000000000
0.7353878486,0.9429229702,0.0000000000
0.0596280185,0.0981630909,0.0000000000
0.2498506490,0.1391644590,0.0000000000
0.2718069056,0.7462101919,0.0000000000
0.8721267335,0.0438509413,0.0000000000
0.1145451593,0.4830909106,0.0000000000
0.5922777402,0.1406765679,0.0000000000
0.5438687575,0.0145955388,0.0000000000
0.1232957776,0.0926837156,0.0000000000
0.4259514469,0.8961208944,0.0000000000
0.6786551124,0.5222093854,0.0000000000
0.3648897453,0.3643874043,0.0000000000
0.5368315704,0.2941009523,0.0000000000
0.4893337307,0.9795887870,0.0000000000
0.9186084993,0.5519438883,0.0000000000
0.1329812601,0.6567248092,0.0000000000
0.7092339284,0.9112457707,0.0000000000
0.4751822156,0.7564382180,0.0000000000
0.6038700945,0.3802121129,0.0000000000
0.8316292853,0.9397174832,0.0000000000
0.2741909048,0.8756517286,0.0000000000
0.9372118766,0.6973134666,0.0000000000
0.9743030340,0.3351882102,0.0000000000
0.8158030701,0.4278455007,0.0000000000
0.4471149157,0.5308534297,0.0000000000
0.1498930490,0.0233422493,0.0000000000
0.2046732836,0.1019094722,0.0000000000
0.4030796790,0.9935398167,0.0000000000
0.9702278062,0.7141541172,0.0000000000
0.3828404702,0.2786809938,0.0000000000
0.6163621944,0.9726173810,0.0000000000
0.0345816668,0.0705629282,0.0000000000
0.2655497079,0.3163321741,0.0000000000
0.4634394439,0.2661657404,0.0000000000
0.7233657560,0.8417101470,0.0000000000
0.9118730449,0.0669778288,0.0000000000
0.9991261789,0.5012007818,0.0000000000
0.2097658536,0.4537421128,0.0000000000
0.2312390189,0.7723253501,0.0000000000
0.6675957739,0.8211443175,0.0000000000
0.0320569389,0.8210246034,0.0000000000
0.5455403962,0.4223039755,0.0000000000
0.4293788881,0.6526897467,0.0000000000
0.1727343776,0.8783002429,0.0000000000
0.7838261009,0.0016136412,0.0000000000
0.4118233496,0.5682914106,0.0000000000
0.6133920640,0.0647556841,0.0000000000
0.0354160343,0.8282937958,0.0000000000
0.4409248085,0.9949162565,0.0000000000
0.4912041699,0.7063023835,0.0000000000
0.6802951768,0.2076387861,0.0000000000
0.1005881037,0.1591827280,0.0000000000
0.4108759733,0.3360851402,0.0000000000
0.8891911165,0.6180754642,0.0000000000
0.8490775502,0.9182433353,0.0000000000
0.6370392441,0.3632947970,0.0000000000
0.3530041958,0.7879253512,0.0000000000
0.3713406150,0.5124808246,0.0000000000
0.4301661958,0.2358088892,0.0000000000
0.1255176621,0.6353728407,0.0000000000
0.1636204043,0.0351891669,0.0000000000
0.0350064271,0.3782625024,0.0000000000
0.2125335893,0.2948716599,0.0000000000
0.9532280837,0.5385972965,0.0000000000
0.9054828573,0.0329660772,0.0000000000
0.8265258585,0.6767351215,0.0000000000
0.2680590698,0.7699944747,0.0000000000
0.6854033389,0.4300298342,0.0000000000
0.2148740840,0.9352618116,0.0000000000
0.9736007741,0.2371368164,0.0000000000
0.5266377698,0.9671963890,0.0000000000
