0.9358620247,0.0815760202,-1.0000000000
0.5352114087,0.6001385059,1.0000000000
0.0761519620,0.3325141846,1.0000000000
0.6149846918,0.6186946648,-1.0000000000
0.7949224602,0.9789334601,1.0000000000
0.1237685105,0.9603927202,1.0000000000
0.9546218258,0.1273487650,-1.0000000000
0.5027531102,0.3049470919,-1.0000000000
0.5757069197,0.8066720316,1.0000000000
0.6613543755,0.8471993935,1.0000000000
0.7421774878,0.5361293804,-1.0000000000
0.5129356813,0.1834730463,-1.0000000000
0.1261613696,0.4786097083,1.0000000000
0.0308510668,0.7282628194,1.0000000000
0.6440176889,0.9548624827,1.0000000000
0.4447141220,0.1734684816,-1.0000000000
0.6324899139,0.4853623686,-1.0000000000
0.7636417150,0.7162597946,-1.0000000000
0.0780308091,0.9017037667,1.0000000000
0.7087106512,0.3413087842,-1.0000000000
0.6345873050,0.9192565529,1.0000000000
0.2393750771,0.8418578367,1.0000000000
0.5984260912,0.6714984743,1.0000000000
0.8061356928,0.1252108214,-1.0000000000
0.1180579166,0.4236675551,1.0000000000
0.6647076002,0.7904838677,1.0000000000
0.9368566787,0.5482616668,-1.0000000000
0.3324476240,0.0249606832,-1.0000000000
0.7588437955,0.5975889699,-1.0000000000
0.7277413404,0.3243303228,-1.0000000000
0.0105404177,0.3607697688,1.0000000000
0.6157053940,0.2408569772,-1.0000000000
0.5630943217,0.0302549031,-1.0000000000
0.3798632352,0.6998314421,1.0000000000
0.7075502670,0.0724666971,-1.0000000000
0.6797693625,0.0351085310,-1.0000000000
0.5835754959,0.9225595947,1.0000000000
0.5449688889,0.8729754238,1.0000000000
0.0988931861,0.2418265812,1.0000000000
0.3228807023,0.0523062173,-1.0000000000
0.9728701384,0.5465885464,-1.0000000000
0.7014255378,0.2356544211,-1.0000000000
0.2246764411,0.2796557769,1.0000000000
0.7524792903,0.7890213671,-1.0000000000
0.6699262489,0.8901142260,1.0000000000
0.6119341766,0.3551929395,-1.0000000000
0.9668738638,0.3736148591,-1.0000000000
0.5136657703,0.3729721887,-1.0000000000
0.9353405222,0.1659771627,-1.0000000000
0.6336042205,0.7438718656,1.0000000000
0.1842500955,0.4184761909,1.0000000000
0.8223525284,0.3620938536,-1.0000000000
0.9017102821,0.5598325462,-1.0000000000
0.0981855491,0.0304651711,1.0000000000
0.1739845614,0.4937828416,1.0000000000
0.2701888135,0.2190964393,1.0000000000
0.0845304854,0.8598283510,1.0000000000
0.9975016055,0.1199498494,-1.0000000000
0.6375418274,0.7508573144,1.0000000000
0.8399647992,0.8948132939,-1.0000000000
0.5294000581,0.9302173473,1.0000000000
0.4172545017,0.4952374475,1.0000000000
0.3394007804,0.8443288506,1.0000000000
0.2868961615,0.5948128060,1.0000000000
0.4864618861,0.5247729395,1.0000000000
0.3728568336,0.4610238701,1.0000000000
0.1258235256,0.0275566811,1.0000000000
0.5215935103,0.7314369601,1.0000000000
0.2548071056,0.8207271282,1.0000000000
0.0736378056,0.8185527325,1.0000000000
0.0939068528,0.4563318720,1.0000000000
0.3148368801,0.5033245364,1.0000000000
0.9624349475,0.3005668866,-1.0000000000
0.7794472347,0.6092691066,-1.0000000000
0.3712071341,0.3654008229,1.0000000000
0.2165338614,0.2259338335,1.0000000000
0.1891042643,0.5409599643,1.0000000000
0.0213599598,0.0985510347,1.0000000000
0.6560740729,0.1299800742,-1.0000000000
0.5906421642,0.1048392034,-1.0000000000
0.0431713937,0.9664624150,1.0000000000
0.9849570634,0.2593980492,-1.0000000000
0.1375962447,0.5636654901,1.0000000000
0.5500489863,0.4542293045,-1.0000000000
0.4625462574,0.2694997953,-1.0000000000
0.9326139239,0.7615160364,-1.0000000000
0.3334454511,0.0947088423,-1.0000000000
0.4463502872,0.7713494801,1.0000000000
0.8123671694,0.3376707336,-1.0000000000
0.3112504842,0.3811758610,1.0000000000
0.4637235586,0.4170602678,-1.0000000000
0.7918020446,0.1828111433,-1.0000000000
0.1589439683,0.4615785825,1.0000000000
0.0774441742,0.7036822910,1.0000000000
0.4462188738,0.1945220384,-1.0000000000
0.7705508045,0.9900913325,1.0000000000
0.3867945934,0.0099692589,-1.0000000000
0.2630511495,0.4906071526,1.0000000000
0.2985377940,0.3066039718,1.0000000000
0.8522458664,0.0213857129,-1.0000000000
0.8073425500,0.6776522782,-1.0000000000
0.0387825622,0.0839771678,1.0000000000
0.3471318007,0.9909485526,1.0000000000
0.7501390238,0.1022397322,-1.0000000000
0.8444749474,0.4902441044,-1.0000000000
0.3403285437,0.4636300940,1.0000000000
0.8765616178,0.1405294048,-1.0000000000
0.6592446656,0.7705374803,1.0000000000
0.9359344370,0.1285575619,-1.0000000000
0.4394277454,0.5497234184,1.0000000000
0.8096696862,0.8410592241,-1.0000000000
0.4369927745,0.0679330471,-1.0000000000
0.5797436392,0.0215517758,-1.0000000000
0.4309906872,0.0378967274,-1.0000000000
0.6666226916,0.9572783782,1.0000000000
0.3038665973,0.3473597525,1.0000000000
0.5168136017,0.1639541330,-1.0000000000
0.1614671080,0.7455690807,1.0000000000
0.0295667443,0.4557054210,1.0000000000
0.9209898460,0.0800881455,-1.0000000000
0.7931583257,0.8533401951,-1.0000000000
0.1151617793,0.8400468622,1.0000000000
0.9574428275,0.1172712130,-1.0000000000
0.2096743628,0.1615253708,1.0000000000
0.8321386059,0.7099209240,-1.0000000000
0.7220333652,0.3777291540,-1.0000000000
0.2864717733,0.0019532731,-1.0000000000
0.7269755336,0.6559917645,-1.0000000000
0.6944128190,0.8477526889,1.0000000000
0.6704701999,0.3551876780,-1.0000000000
0.4148416314,0.0626982297,-1.0000000000
0.7058447093,0.9181774370,1.0000000000
0.8025569743,0.3503410566,-1.0000000000
0.5420936315,0.6005491292,1.0000000000
0.4263533931,0.5506373204,1.0000000000
0.0104221600,0.1115966029,1.0000000000
0.6302142535,0.1914537955,-1.0000000000
0.9586120893,0.5659357309,-1.0000000000
0.7391023250,0.6719282684,-1.0000000000
0.0422298672,0.4447043944,1.0000000000
0.8877633648,0.2106805673,-1.0000000000
0.2267692910,0.0622262596,-1.0000000000
0.8510720866,0.2478869541,-1.0000000000
0.9922174287,0.2157750243,-1.0000000000
0.0708750983,0.6469319039,1.0000000000
0.9257936091,0.6939066493,-1.0000000000
0.7775700316,0.7981816074,-1.0000000000
0.9778236012,0.1422998449,-1.0000000000
0.3275959913,0.5340254101,1.0000000000
0.8900321089,0.5905586727,-1.0000000000
0.9970117481,0.7707399390,-1.0000000000
0.6810971080,0.4306810227,-1.0000000000
0.9603992129,0.7811709812,-1.0000000000
0.7154232556,0.1136410765,-1.0000000000
0.2410113309,0.6880015329,1.0000000000
0.4154113893,0.2365642073,-1.0000000000
0.7007258160,0.1599572664,-1.0000000000
0.4490646470,0.4747904187,1.0000000000
0.6337424932,0.0715278881,-1.0000000000
0.1060554393,0.3480749310,1.0000000000
0.1914776449,0.5500731622,1.0000000000
0.5687042677,0.6684541905,1.0000000000
0.6965526960,0.6777009988,-1.0000000000
0.8848576106,0.4532883247,-1.0000000000
0.4252537138,0.8308488085,1.0000000000
0.6026970101,0.0174866158,-1.0000000000
0.2995512669,0.6633388861,1.0000000000
0.2981793433,0.9754578826,1.0000000000
0.9802522196,0.3873266933,-1.0000000000
0.2974069759,0.8035347948,1.0000000000
0.6394057599,0.0501215858,-1.0000000000
0.7444216122,0.5664608174,-1.0000000000
0.9238623072,0.8877382221,-1.0000000000
0.4975542637,0.1132356039,-1.0000000000
0.3760289684,0.9873945802,1.0000000000
0.7381909321,0.1348052920,-1.0000000000
0.0122187601,0.1211516126,1.0000000000
0.9402932016,0.9158523219,-1.0000000000
0.2875749246,0.2908886936,1.0000000000
0.0329148185,0.7093674905,1.0000000000
0.8012682566,0.8374655712,-1.0000000000
0.3508902930,0.0902163469,-1.0000000000
0.4785277838,0.8229402488,1.0000000000
0.9128499047,0.5617086260,-1.0000000000
0.4244030039,0.6482998051,1.0000000000
0.8930491450,0.0997334069,-1.0000000000
0.0608120871,0.8773396156,1.0000000000
0.5370489357,0.3292594848,-1.0000000000
0.5816655132,0.4224351335,-1.0000000000
0.5735618159,0.6408596046,1.0000000000
0.9051199700,0.7407631269,-1.0000000000
0.2506516835,0.5133806747,1.0000000000
0.0445432450,0.7980501953,1.0000000000
0.8471076281,0.0150671034,-1.0000000000
0.6721309610,0.3468507391,-1.0000000000
0.7511504000,0.2326672166,-1.0000000000
0.0385671917,0.5700788331,1.0000000000
0.6778944640,0.2935350435,-1.0000000000
0.0516123419,0.2108470340,1.0000000000
0.2783651135,0.0083298681,-1.0000000000
0.6644558123,0.1172234798,-1.0000000000
0.8442205542,0.4488682499,-1.0000000000
0.2809421805,0.8444489527,1.0000000000
0.6082433707,0.4346713818,-1.0000000000
0.2258591022,0.9540534525,1.0000000000
0.3464797705,0.8304041659,1.0000000000
0.5166644513,0.4697245675,-1.0000000000
0.5564826487,0.8890286885,1.0000000000
0.7188524846,0.2010944030,-1.0000000000
0.4180774899,0.8904938209,1.0000000000
0.1296487909,0.2071619849,1.0000000000
0.5912690754,0.1461442513,-1.0000000000
0.7948487288,0.0970078037,-1.0000000000
0.2393718610,0.0637140468,-1.0000000000
0.0268798620,0.5041207323,1.0000000000
0.1530983582,0.2600131789,1.0000000000
0.0501883301,0.2598359009,1.0000000000
0.2018142618,0.6896274325,1.0000000000
0.0742370607,0.0630714548,1.0000000000
0.9472745116,0.8935643805,-1.0000000000
0.3071844649,0.9934283604,1.0000000000
0.7269009666,0.9531889977,1.0000000000
0.9699990540,0.0310303332,-1.0000000000
0.0506142887,0.1901088248,1.0000000000
0.4509464376,0.0611249174,-1.0000000000
0.8218644964,0.0919581849,-1.0000000000
0.3110079651,0.7954073533,1.0000000000
0.6269707685,0.9475772042,1.0000000000
0.5767593180,0.6563357505,1.0000000000
0.2028406511,0.4871763641,1.0000000000
0.6096064754,0.3354341179,-1.0000000000
0.2514040276,0.8501886691,1.0000000000
0.5441960437,0.0298431834,-1.0000000000
0.0268417301,0.5256306549,1.0000000000
0.8308623604,0.1658932295,-1.0000000000
0.9056954462,0.7757603303,-1.0000000000
0.2105573758,0.6171304685,1.0000000000
0.1653932954,0.4985057010,1.0000000000
0.9353020313,0.7683297268,-1.0000000000
0.1505197209,0.4618558070,1.0000000000
0.2908496450,0.8439794729,1.0000000000
0.4946323565,0.8781119643,1.0000000000
0.2465259522,0.5239397440,1.0000000000
0.0887891439,0.1995963978,1.0000000000
0.7757348435,0.8373791868,-1.0000000000
0.6475858764,0.1327203198,-1.0000000000
0.8130909408,0.4682572067,-1.0000000000
0.8651859737,0.7011553613,-1.0000000000
0.0319011768,0.9885304593,1.0000000000
0.7909622424,0.9456100317,1.0000000000
0.0083902398,0.5161978220,1.0000000000
0.6382374401,0.1998732803,-1.0000000000
0.1769664352,0.1784294276,1.0000000000
0.2621023376,0.4956876310,1.0000000000
0.2727522962,0.3925192792,1.0000000000
0.8078667904,0.7435559552,-1.0000000000
0.6615141732,0.1821413696,-1.0000000000
0.6605565385,0.8250851707,1.0000000000
0.7170839024,0.3494385772,-1.0000000000
0.1777946612,0.1339465764,1.0000000000
0.3945413315,0.9585498991,1.0000000000
0.4467161638,0.2281116100,-1.0000000000
0.1792406952,0.6798518321,1.0000000000
0.9739411276,0.1286842086,-1.0000000000
0.2397613050,0.1872749021,1.0000000000
0.6697942924,0.5631496278,-1.0000000000
0.4529484331,0.8387318980,1.0000000000
0.3957955003,0.3102449702,-1.0000000000
0.0701737222,0.6485719754,1.0000000000
0.8902631024,0.0742262266,-1.0000000000
0.5116708008,0.7000811067,1.0000000000
0.3886253871,0.3173063009,-1.0000000000
0.2489540078,0.7755299169,1.0000000000
0.8002164753,0.7991847996,-1.0000000000
0.0402128335,0.4145168728,1.0000000000
0.1294651669,0.2953016644,1.0000000000
0.2499008208,0.7776870983,1.0000000000
0.2669272456,0.5390450808,1.0000000000
0.1227753537,0.0544383956,1.0000000000
0.2532039959,0.6597232809,1.0000000000
0.4000899975,0.8236075483,1.0000000000
0.7464314146,0.0697302090,-1.0000000000
0.5624835045,0.6876198847,1.0000000000
0.2782523472,0.8491874806,1.0000000000
0.1089630405,0.8552930801,1.0000000000
0.7665464246,0.9532523003,1.0000000000
0.1757192759,0.6747955333,1.0000000000
0.7438901541,0.5145772748,-1.0000000000
0.2275953879,0.7134607925,1.0000000000
0.7159024254,0.6295128246,-1.0000000000
0.0932597843,0.3428591513,1.0000000000
0.8162078606,0.3508478976,-1.0000000000
0.2414715700,0.4216515868,1.0000000000
0.6148259932,0.2961328252,-1.0000000000
0.2487601782,0.9272254621,1.0000000000
0.1163512819,0.7413567056,1.0000000000
0.7765816591,0.9675362114,1.0000000000
0.5616809555,0.8900433876,1.0000000000
0.0750487502,0.1558838231,1.0000000000
0.7203363044,0.4154774906,-1.0000000000
0.1873996618,0.2636840201,1.0000000000
0.2278006932,0.0488270713,-1.0000000000
0.0088798207,0.9669373841,1.0000000000
0.7056006442,0.4295184307,-1.0000000000
0.8801932519,0.2189234926,-1.0000000000
0.3866080675,0.5213209656,1.0000000000
0.1903899587,0.0447993391,-1.0000000000
0.6766781577,0.5738571832,-1.0000000000
0.6783689466,0.1429752255,-1.0000000000
0.7963668123,0.5477496008,-1.0000000000
0.1338588890,0.9347052000,1.0000000000
0.5592528810,0.6256035870,1.0000000000
0.6401162785,0.2739499485,-1.0000000000
0.2544329181,0.7733040529,1.0000000000
0.2619779825,0.9970942528,1.0000000000
0.9811937645,0.1195274360,-1.0000000000
0.5670895474,0.8081331852,1.0000000000
0.7864739834,0.2668434725,-1.0000000000
0.3677921256,0.4161465464,1.0000000000
0.6657717388,0.4005001263,-1.0000000000
0.9782759262,0.6741672770,-1.0000000000
0.8946775707,0.2107150610,-1.0000000000
0.7102565216,0.0480786013,-1.0000000000
0.9666681149,0.7203400720,-1.0000000000
0.0536590131,0.3428572317,1.0000000000
0.6660368870,0.2058547878,-1.0000000000
0.2473276568,0.3944510884,1.0000000000
0.4309840284,0.2962732254,-1.0000000000
0.2133585187,0.2482963992,1.0000000000
0.8083250559,0.9894649089,1.0000000000
0.0355102427,0.5490073781,1.0000000000
0.5718589180,0.3091735703,-1.0000000000
0.5350907425,0.3789672549,-1.0000000000
0.3272930788,0.8177507793,1.0000000000
0.3613941765,0.8325695219,1.0000000000
0.9726156613,0.2787447799,-1.0000000000
0.5924983556,0.9453475410,1.0000000000
0.9760361438,0.8886090705,-1.0000000000
0.1216492152,0.7692929163,1.0000000000
0.3812796688,0.7039672167,1.0000000000
0.7301958209,0.6822502283,-1.0000000000
0.8674004307,0.7126493355,-1.0000000000
0.4275260808,0.9654960447,1.0000000000
0.8936739261,0.3459625621,-1.0000000000
0.3199855108,0.0659931821,-1.0000000000
0.2551766432,0.8399073889,1.0000000000
0.2601343348,0.3365027806,1.0000000000
0.8399598047,0.2172202428,-1.0000000000
0.4093228136,0.5042162223,1.0000000000
0.8972263517,0.2919979269,-1.0000000000
0.3502339649,0.6039357595,1.0000000000
0.0573492397,0.5614597824,1.0000000000
0.1045396421,0.7708210851,1.0000000000
0.5393227539,0.6734905703,1.0000000000
0.5838255653,0.4666805504,-1.0000000000
0.7721410325,0.8320159800,-1.0000000000
0.5563785887,0.9147350438,1.0000000000
0.7195568000,0.9642369629,1.0000000000
0.4891859063,0.8882413075,1.0000000000
0.6843263727,0.6148016168,-1.0000000000
0.9353851846,0.5051537242,-1.0000000000
0.4137467501,0.4892991928,1.0000000000
0.4876083617,0.2134678903,-1.0000000000
0.7523394595,0.7305488326,-1.0000000000
0.5640196021,0.7593319133,1.0000000000
0.4251138942,0.8721096291,1.0000000000
0.3717745566,0.7511754266,1.0000000000
0.9664618304,0.6389509089,-1.0000000000
0.7660155917,0.7312326071,-1.0000000000
0.8210295273,0.3276614417,-1.0000000000
0.9173251569,0.7310714884,-1.0000000000
0.2461129196,0.0680427464,-1.0000000000
0.4193061663,0.2330095730,-1.0000000000
0.9569223392,0.3206059573,-1.0000000000
0.3498833207,0.3800169465,1.0000000000
0.4378715917,0.2578574688,-1.0000000000
0.1233187045,0.4373199670,1.0000000000
0.5448046286,0.0156169247,-1.0000000000
0.1527622490,0.1529764563,1.0000000000
0.4014710932,0.6281678667,1.0000000000
0.6391690224,0.3750156281,-1.0000000000
0.2463459309,0.5762981918,1.0000000000
0.9581501393,0.0780889985,-1.0000000000
0.8018406226,0.0315354073,-1.0000000000
0.4040567197,0.5334318476,1.0000000000
0.3466207710,0.3823318620,1.0000000000
0.8800770785,0.0216061218,-1.0000000000
0.8545584184,0.2827962254,-1.0000000000
0.5907474916,0.0418162785,-1.0000000000
0.9374067025,0.1070874301,-1.0000000000
0.8295242852,0.2875693715,-1.0000000000
0.1700725974,0.7770495710,1.0000000000
0.2156623396,0.7997841753,1.0000000000
0.1983064037,0.1617261176,1.0000000000
0.2690077398,0.7363899874,1.0000000000
0.6523735448,0.6161701944,-1.0000000000
0.8662561338,0.0553866537,-1.0000000000
0.0189134315,0.6061721289,1.0000000000
0.6555479410,0.2127236113,-1.0000000000
0.0870107196,0.8524460920,1.0000000000
0.8350885956,0.3872952632,-1.0000000000
0.6115462393,0.8964569229,1.0000000000
0.3466209472,0.8962915674,1.0000000000
0.3616725167,0.3912231254,1.0000000000
0.3370891873,0.3669256428,1.0000000000
0.3623028234,0.2561193591,-1.0000000000
0.4275199866,0.6936749012,1.0000000000
0.4419148805,0.4508731009,1.0000000000
0.1352361952,0.6258654167,1.0000000000
0.9059273219,0.1330914523,-1.0000000000
0.1937678603,0.2944186049,1.0000000000
0.1312679267,0.1488096549,1.0000000000
0.3857866806,0.9214557689,1.0000000000
0.5056589564,0.4446868800,-1.0000000000
0.6880423905,0.4517613972,-1.0000000000
0.8627543858,0.9513090239,-1.0000000000
0.4819619040,0.3712347197,-1.0000000000
0.8033448307,0.2558922306,-1.0000000000
0.9629155814,0.0100373713,-1.0000000000
0.5987061213,0.5446556238,-1.0000000000
0.7253388826,0.1604416997,-1.0000000000
0.1691062924,0.6449130520,1.0000000000
0.6886020385,0.3265133794,-1.0000000000
0.1140094000,0.1082517886,1.0000000000
0.9523780191,0.4222349200,-1.0000000000
0.9102286395,0.4942053019,-1.0000000000
0.9340901384,0.8169437759,-1.0000000000
0.2319237193,0.7256548197,1.0000000000
0.3955154718,0.5278711926,1.0000000000
0.9859267298,0.4295595548,-1.0000000000
0.2982699912,0.3520074290,1.0000000000
0.5354438341,0.3488256413,-1.0000000000
0.8894526855,0.1636341572,-1.0000000000
0.1085623678,0.2385827265,1.0000000000
0.2563135936,0.9787761111,1.0000000000
0.4332535063,0.0931410997,-1.0000000000
0.1463449854,0.6055099272,1.0000000000
0.3913655185,0.5186739300,1.0000000000
0.6482106057,0.4292331504,-1.0000000000
0.0298987804,0.5155239064,1.0000000000
0.4197184809,0.5793280336,1.0000000000
0.6765419845,0.9022511015,1.0000000000
0.7842782042,0.4355639744,-1.0000000000
0.5914585473,0.3388923414,-1.0000000000
0.3909744133,0.2813701931,-1.0000000000
0.7337966948,0.9813083905,1.0000000000
0.3626091255,0.3790331570,1.0000000000
0.5147552824,0.1298621379,-1.0000000000
0.2427744384,0.8020626708,1.0000000000
0.3214648465,0.8118267430,1.0000000000
0.0458203201,0.6401259925,1.0000000000
0.3498409291,0.2430038419,-1.0000000000
0.2487250191,0.7075055299,1.0000000000
0.9500397814,0.2348219750,-1.0000000000
0.3977690101,0.6008259104,1.0000000000
0.2336516189,0.5887575717,1.0000000000
0.6217256446,0.1523317780,-1.0000000000
0.5326650506,0.6250503743,1.0000000000
0.1314733195,0.9450478815,1.0000000000
0.4412905951,0.3875113617,-1.0000000000
0.8117763209,0.5842155870,-1.0000000000
0.5989633610,0.4616503819,-1.0000000000
0.2475473568,0.4696392102,1.0000000000
0.8884008164,0.1680480766,-1.0000000000
0.3825566496,0.2457599484,-1.0000000000
0.8274482650,0.5675780948,-1.0000000000
0.4909318358,0.1728177302,-1.0000000000
0.8838897174,0.3179231352,-1.0000000000
0.5530690276,0.6952950412,1.0000000000
0.7854359060,0.3079321712,-1.0000000000
0.9181620178,0.7231153907,-1.0000000000
0.4785780395,0.2095571144,-1.0000000000
0.8910889838,0.2830837411,-1.0000000000
0.5273795131,0.2262212690,-1.0000000000
0.1348464765,0.3048694154,1.0000000000
0.1042243595,0.2330476867,1.0000000000
0.7823291926,0.2692667162,-1.0000000000
0.0693041272,0.3308899878,1.0000000000
0.9691389425,0.1347552858,-1.0000000000
0.4381610717,0.1726362876,-1.0000000000
0.6746454925,0.4632252286,-1.0000000000
0.1047685428,0.5727699365,1.0000000000
0.4032495711,0.1368013749,-1.0000000000
0.3199986335,0.1298403115,-1.0000000000
0.2265158149,0.4909534706,1.0000000000
0.8114229999,0.7046745014,-1.0000000000
0.5715203593,0.9530486547,1.0000000000
0.3948325100,0.2454377798,-1.0000000000
0.5424410808,0.8785404362,1.0000000000
0.9212190723,0.9894108873,-1.0000000000
0.0339712881,0.2184008554,0.0000000000
0.5940830278,0.4459005181,0.0000000000
0.0692846205,0.4096104463,0.0000000000
0.7395116331,0.0403801718,0.0000000000
0.6137918162,0.7143585981,0.0000000000
0.8189634866,0.8700143258,0.0000000000
0.3933489071,0.3014285882,0.0000000000
0.7606478827,0.3652191161,0.0000000000
0.8646877104,0.0433136600,0.0000000000
0.9276018753,0.3229301136,0.0000000000
0.8827625079,0.3253603521,0.0000000000
0.5753577356,0.3756195889,0.0000000000
0.9374689238,0.5996173858,0.0000000000
0.7279734821,0.4749981397,0.0000000000
0.0560701914,0.9082567556,0.0000000000
0.4357767725,0.6034504863,0.0000000000
0.0751304666,0.6165718621,0.0000000000
0.7577214903,0.8298163737,0.0000000000
0.6582849574,0.7272655071,0.0000000000
0.0720504207,0.3411405142,0.0000000000
0.6377711943,0.2033303270,0.0000000000
0.5040107654,0.0224873323,0.0000000000
0.4111256524,0.6106415596,0.0000000000
0.6128469187,0.8688876672,0.0000000000
0.9846790473,0.1608554175,0.0000000000
0.2312938923,0.3284082981,0.0000000000
0.2523722806,0.0547758224,0.0000000000
0.6465694991,0.8656749263,0.0000000000
0.7749873664,0.9362964452,0.0000000000
0.3078254235,0.4219071734,0.0000000000
0.1716308987,0.6542210804,0.0000000000
0.5189502843,0.9370508419,0.0000000000
0.2786910788,0.0150842532,0.0000000000
0.3859776263,0.3800441704,0.0000000000
0.3699830327,0.5030790815,0.0000000000
0.6258028804,0.9973509877,0.0000000000
0.6519337475,0.5156591102,0.0000000000
0.1264591604,0.5653335706,0.0000000000
0.3512970699,0.1559251396,0.0000000000
0.4809726219,0.9263467843,0.0000000000
0.6433468716,0.1715747124,0.0000000000
0.6316723628,0.3885501995,0.0000000000
0.2158129720,0.1001770979,0.0000000000
0.5083109011,0.1638680074,0.0000000000
0.7143678362,0.5461764026,0.0000000000
0.1062132744,0.6713269861,0.0000000000
0.0277574314,0.1403490790,0.0000000000
0.5230291273,0.4607663693,0.0000000000
0.9982525735,0.9875040317,0.0000000000
0.0605150321,0.0051013126,0.0000000000
0.8315429309,0.8883504125,0.0000000000
0.7995176515,0.0501975843,0.0000000000
0.5216319000,0.1066505080,0.0000000000
0.1165416827,0.0639526131,0.0000000000
0.3302761430,0.3471401933,0.0000000000
0.5106103032,0.2357047263,0.0000000000
0.4268469634,0.7422703790,0.0000000000
0.8145651405,0.2445827414,0.0000000000
0.9701007892,0.2697682703,0.0000000000
0.8217512806,0.2814517225,0.0000000000
0.0554319115,0.2848047385,0.0000000000
0.7740195220,0.2747579985,0.0000000000
0.9247403337,0.6806331809,0.0000000000
0.7410967347,0.5937045009,0.0000000000
0.9567270034,0.9269006860,0.0000000000
0.6047747973,0.3002863300,0.0000000000
0.4785658069,0.8707044063,0.0000000000
0.1872739391,0.5045045719,0.0000000000
0.5622157686,0.4272434171,0.0000000000
0.6082427428,0.4583474807,0.0000000000
0.2691897105,0.7353475300,0.0000000000
0.4903431146,0.3199016347,0.0000000000
0.2035079571,0.5428056073,0.0000000000
0.9615823914,0.8091242989,0.0000000000
0.0232089272,0.0565382890,0.0000000000
0.3433318752,0.8655483866,0.0000000000
0.5763642907,0.7067437770,0.0000000000
0.8173031152,0.7073446012,0.0000000000
0.4106363078,0.0754278675,0.0000000000
0.6284550566,0.8560950104,0.0000000000
0.2407802979,0.0436822920,0.0000000000
0.9037445585,0.6565442007,0.0000000000
0.4887495661,0.0310794741,0.0000000000
0.2137154577,0.7397476515,0.0000000000
0.0851099378,0.4122358983,0.0000000000
0.9872692292,0.7773023506,0.0000000000
0.9965988253,0.9645522030,0.0000000000
0.3942066349,0.6315681776,0.0000000000
0.9527568084,0.6513213147,0.0000000000
0.8453227326,0.7015438987,0.0000000000
0.3263136967,0.2631237722,0.0000000000
0.1413900807,0.4643861944,0.0000000000
0.1054672750,0.4741372093,0.0000000000
0.3422326794,0.0752485980,0.0000000000
0.1949265378,0.7735298599,0.0000000000
0.4241579920,0.9453241394,0.0000000000
0.6573545892,0.0260524076,0.0000000000
0.2611700554,0.6301419838,0.0000000000
0.6320767737,0.7715944115,0.0000000000
0.8179198710,0.4338642253,0.0000000000
0.6788283363,0.1146306313,0.0000000000
0.6943591385,0.4285048654,0.0000000000
0.9153679633,0.2323412579,0.0000000000
0.8681800884,0.4420253795,0.0000000000
0.9888244242,0.5752084814,0.0000000000
0.3349411269,0.4027375594,0.0000000000
0.8696531370,0.5572228649,0.0000000000
0.7681781794,0.6901919081,0.0000000000
0.1278502647,0.7386525178,0.0000000000
0.7147419730,0.4913883138,0.0000000000
0.8743395739,0.4728067844,0.0000000000
0.3192005349,0.6829071394,0.0000000000
0.9963280109,0.6507673041,0.0000000000
0.8795944387,0.7036358985,0.0000000000
0.2241662949,0.4660483648,0.0000000000
0.3773043341,0.1312521631,0.0000000000
0.0328270066,0.4058997977,0.0000000000
0.5616413313,0.0723949684,0.0000000000
0.7203609257,0.2035441285,0.0000000000
0.0181135777,0.0270159591,0.0000000000
0.1047219480,0.2305727637,0.0000000000
0.8855785370,0.5628507073,0.0000000000
0.4948193367,0.6327714518,0.0000000000
0.5615497415,0.0613581041,0.0000000000
0.6770357915,0.6095337562,0.0000000000
0.8145756877,0.8817496522,0.0000000000
0.7103017684,0.2300739507,0.0000000000
0.5515104652,0.9793053068,0.0000000000
0.3280280684,0.4764465734,0.0000000000
0.0829717498,0.7006284474,0.0000000000
0.2029448166,0.2429402194,0.0000000000
0.4731037494,0.0882722214,0.0000000000
0.5692866656,0.4663057382,0.0000000000
0.9305446461,0.8508000865,0.0000000000
0.2293538614,0.0885097456,0.0000000000
0.1969579638,0.0719192545,0.0000000000
0.5890602131,0.8541584234,0.0000000000
0.4251729852,0.9372395257,0.0000000000
0.6781715082,0.3285767984,0.0000000000
0.2588467260,0.1948255442,0.0000000000
0.4227492349,0.3381531416,0.0000000000
0.6484828278,0.2576031040,0.0000000000
0.6217889962,0.9245512726,0.0000000000
0.8817898882,0.8147386976,0.0000000000
0.4847200865,0.7041830763,0.0000000000
0.4044579006,0.7722016822,0.0000000000
0.0800458789,0.6728887217,0.0000000000
0.1253599642,0.4247922398,0.0000000000
0.6182311494,0.3111991257,0.0000000000
0.5955965439,0.3155607337,0.0000000000
0.0278877466,0.8581345970,0.0000000000
0.5320137497,0.8129878581,0.0000000000
0.5864580300,0.0873720359,0.0000000000
0.6281742735,0.4372905724,0.0000000000
0.9263615770,0.0858501842,0.0000000000
0.9572016957,0.1978178456,0.0000000000
0.9639202660,0.8371302051,0.0000000000
0.5950726244,0.6527629206,0.0000000000
0.7089103395,0.4314012381,0.0000000000
0.0652788434,0.7986407603,0.0000000000
0.9767708229,0.8563057071,0.0000000000
0.7159254041,0.8083990921,0.0000000000
0.3336412470,0.8191019692,0.0000000000
0.3379110676,0.3415971614,0.0000000000
0.8361550605,0.9403571771,0.0000000000
0.0981138575,0.6772267263,0.0000000000
0.4431567745,0.6905587222,0.0000000000
0.9323942444,0.9879433330,0.0000000000
0.2700612476,0.4085824715,0.0000000000
0.7670985999,0.2973665896,0.0000000000
0.6216024964,0.9135637613,0.0000000000
0.2617493877,0.4401502192,0.0000000000
0.5119337253,0.7607671385,0.0000000000
0.8730053917,0.9029981225,0.0000000000
0.6333044732,0.2076671756,0.0000000000
0.0502794081,0.1703016585,0.0000000000
0.9887370860,0.2211657774,0.0000000000
0.0783069240,0.1888735265,0.0000000000
0.4553141168,0.8058680943,0.0000000000
0.3542249445,0.7710705819,0.0000000000
0.9234283381,0.3042324937,0.0000000000
0.8108027675,0.8960963477,0.0000000000
0.5193418562,0.7127898989,0.0000000000
0.3399879205,0.1314327386,0.0000000000
0.0096716026,0.9612865814,0.0000000000
0.6600079207,0.1543659336,0.0000000000
0.4929473826,0.9504349879,0.0000000000
0.8023494601,0.6199437703,0.0000000000
0.1748277050,0.6689225769,0.0000000000
0.3246566206,0.1490288494,0.0000000000
0.0358909898,0.0354281805,0.0000000000
0.2760331858,0.1379574507,0.0000000000
0.7612589522,0.3269950992,0.0000000000
0.6300687641,0.4275357741,0.0000000000
0.4819718370,0.6975538321,0.0000000000
0.5882287959,0.0262396711,0.0000000000
0.0808711054,0.0154942395,0.0000000000
0.4764515664,0.1132206889,0.0000000000
0.8430706360,0.7495267461,0.0000000000
0.8461536232,0.2254420693,0.0000000000
0.0653073940,0.0386061360,0.0000000000
0.1541763071,0.0190403566,0.0000000000
0.9318111192,0.1471775881,0.0000000000
0.4127006501,0.8419677237,0.0000000000
0.6719677663,0.3896697084,0.0000000000
0.2450896969,0.4876478928,0.0000000000
0.2027200714,0.8505225607,0.0000000000
0.2072680623,0.7347374057,0.0000000000
0.3399647709,0.9262531924,0.0000000000
0.6000676462,0.2992472217,0.0000000000
0.4474189271,0.9693240172,0.0000000000
0.0644420659,0.8082801819,0.0000000000
0.1223328560,0.0843772304,0.0000000000
0.4095698376,0.3911909074,0.0000000000
0.5563762093,0.0894587406,0.0000000000
0.5214578214,0.4667872756,0.0000000000
0.8925824832,0.6841724776,0.0000000000
0.9034767902,0.0582177748,0.0000000000
0.1915890464,0.4980286503,0.0000000000
0.6194494278,0.1739111382,0.0000000000
0.1105222117,0.4768897146,0.0000000000
0.9382261799,0.2180531852,0.0000000000
0.4176823753,0.4927970531,0.0000000000
0.1859708745,0.1150580381,0.0000000000
0.5985405855,0.5611207054,0.0000000000
0.4076768378,0.3426064723,0.0000000000
0.7414505983,0.8559896329,0.0000000000
0.3608811775,0.5444300873,0.0000000000
0.8949284482,0.2898746340,0.0000000000
0.9386234872,0.1452395563,0.0000000000
0.5032691729,0.9538507257,0.0000000000
0.9183899203,0.0769015117,0.0000000000
0.4964484412,0.3653906946,0.0000000000
0.5962803841,0.1528005652,0.0000000000
0.8312807732,0.8632691138,0.0000000000
0.1595861738,0.4383528300,0.0000000000
0.2244835278,0.3010807641,0.0000000000
0.6935088670,0.0244565100,0.0000000000
0.3245286421,0.2796100908,0.0000000000
0.1230824674,0.8004172412,0.0000000000
0.8624565016,0.1771859041,0.0000000000
0.6759327593,0.7426634143,0.0000000000
0.5174007287,0.6421060623,0.0000000000
0.9239069451,0.2920845298,0.0000000000
0.3715753117,0.5542013112,0.0000000000
0.3127274349,0.1447223359,0.0000000000
0.9368315414,0.6168521311,0.0000000000
0.4243681523,0.2881804648,0.0000000000
0.8241937816,0.6937106651,0.0000000000
0.1944182947,0.8649839179,0.0000000000
0.4386428448,0.2695422018,0.0000000000
0.3541158303,0.6653183660,0.0000000000
0.6913658956,0.5954353923,0.0000000000
0.8357560255,0.1692080478,0.0000000000
0.4050071021,0.8490534262,0.0000000000
0.2308558768,0.4114587923,0.0000000000
0.6850654963,0.8385202642,0.0000000000
0.7222178307,0.3803086977,0.0000000000
0.4833877891,0.2950107309,0.0000000000
0.2743636949,0.1351379033,0.0000000000
0.4741565430,0.0625066465,0.0000000000
0.0264629490,0.0099699759,0.0000000000
0.1333315951,0.7500620015,0.0000000000
0.4441382178,0.5186376368,0.0000000000
0.6281977925,0.8023747595,0.0000000000
0.7558073097,0.3256451722,0.0000000000
0.9582135632,0.5567342986,0.0000000000
0.6105727977,0.8067211560,0.0000000000
0.6276025018,0.3221857970,0.0000000000
0.3852818566,0.2741381547,0.0000000000
0.2676232817,0.2692296377,0.0000000000
0.1401489433,0.7713529487,0.0000000000
0.1513611191,0.2411959856,0.0000000000
0.4050715291,0.2948513387,0.0000000000
0.0412428467,0.4467590116,0.0000000000
0.6472016552,0.3958617356,0.0000000000
0.3876148043,0.1352738782,0.0000000000
0.7977181106,0.4029589926,0.0000000000
0.7124349360,0.6183375264,0.0000000000
0.9011552089,0.3049994181,0.0000000000
0.8300644163,0.6348077093,0.0000000000
0.4455751805,0.3952074169,0.0000000000
0.5967113902,0.1972343323,0.0000000000
0.4439762702,0.6111108051,0.0000000000
0.8864879285,0.7542901007,0.0000000000
0.3905100475,0.3139817737,0.0000000000
0.3960418650,0.7285303630,0.0000000000
0.6681152903,0.7216967896,0.0000000000
0.7196704788,0.9567195804,0.0000000000
0.9899093621,0.4449561751,0.0000000000
0.0443901604,0.0937282467,0.0000000000
0.1630445076,0.9036495571,0.0000000000
0.1431553178,0.4600813345,0.0000000000
0.7972325234,0.9370860871,0.0000000000
0.3735238076,0.3677356005,0.0000000000
0.1244132200,0.2989490143,0.0000000000
0.9339583206,0.8908562093,0.0000000000
0.9600988879,0.1312064592,0.0000000000
0.2166069054,0.7703180201,0.0000000000
0.1191607030,0.8152957054,0.0000000000
0.7566497833,0.5185796142,0.0000000000
0.6467671694,0.0156149989,0.0000000000
0.7499855479,0.1461752568,0.0000000000
0.5988178933,0.6052939809,0.0000000000
0.8107064311,0.8333978820,0.0000000000
0.7255596939,0.2859824175,0.0000000000
0.1599512995,0.5378860772,0.0000000000
0.9016488705,0.8572820429,0.0000000000
0.1639034485,0.8207427947,0.0000000000
0.0419722787,0.9454591111,0.0000000000
0.7270293788,0.1967198234,0.0000000000
0.8908893258,0.6178383741,0.0000000000
0.9074855646,0.6510682854,0.0000000000
0.1616427230,0.4040763035,0.0000000000
0.8766860916,0.2735463467,0.0000000000
0.5337558962,0.3735504707,0.0000000000
0.4947459628,0.0373086447,0.0000000000
0.8135244504,0.4773105084,0.0000000000
0.9139191921,0.2734451875,0.0000000000
0.2759783916,0.6432738898,0.0000000000
0.2870422980,0.1454025277,0.0000000000
0.9965382555,0.1676540342,0.0000000000
0.0171811753,0.7759003907,0.0000000000
0.0334324145,0.5358020134,0.0000000000
0.1278503418,0.2735182504,0.0000000000
0.7230335033,0.2214407501,0.0000000000
0.0763059380,0.8319198211,0.0000000000
0.3562608687,0.3105543207,0.0000000000
0.3719630164,0.7496454378,0.0000000000
0.7582669832,0.7176682717,0.0000000000
0.6303768654,0.2690779030,0.0000000000
0.0238601013,0.0115368374,0.0000000000
0.6908139685,0.2302920600,0.0000000000
0.7806230285,0.5757963759,0.0000000000
0.4091326921,0.1181147908,0.0000000000
0.0401130031,0.4015092192,0.0000000000
0.5158611654,0.5493269857,0.0000000000
0.7804130007,0.5195677316,0.0000000000
0.3663081169,0.7907688603,0.0000000000
0.7772107965,0.0901585132,0.0000000000
0.9626370469,0.2194303596,0.0000000000
0.5297022611,0.0403890689,0.0000000000
0.4181283711,0.4818869315,0.0000000000
0.6671025498,0.9883991557,0.0000000000
0.8291688512,0.3488158251,0.0000000000
0.9002316101,0.7884567873,0.0000000000
0.5459464690,0.5260428698,0.0000000000
0.2585028765,0.0368193215,0.0000000000
0.3022054725,0.9282635855,0.0000000000
0.4032840624,0.4604642444,0.0000000000
0.3260363799,0.7684875219,0.0000000000
0.1767888140,0.4478569167,0.0000000000
0.7406496246,0.0995377535,0.0000000000
0.2498567507,0.8395429377,0.0000000000
0.4123958836,0.8397335534,0.0000000000
0.6149733877,0.5874889773,0.0000000000
0.2297553615,0.7703066758,0.0000000000
0.4304820346,0.6073794185,0.0000000000
0.9284669545,0.0689307176,0.0000000000
0.2058863899,0.9274289175,0.0000000000
0.5791603076,0.0653512128,0.0000000000
0.9746561255,0.9126415999,0.0000000000
0.5404038850,0.6097871402,0.0000000000
0.3840386463,0.8330563428,0.0000000000
0.5608102077,0.6923223396,0.0000000000
0.0516650426,0.1714145849,0.0000000000
0.1856842373,0.1459759343,0.0000000000
0.2930297070,0.0862418143,0.0000000000
0.5682580737,0.9218131901,0.0000000000
0.8014494534,0.2042839884,0.0000000000
0.1658683882,0.5129860757,0.0000000000
0.5387275768,0.7642070584,0.0000000000
0.7597178683,0.0145530112,0.0000000000
0.9342138878,0.7052896040,0.0000000000
0.6753190887,0.4747924783,0.0000000000
0.3263772018,0.3161636821,0.0000000000
0.2137140757,0.2422446168,0.0000000000
0.2700499420,0.2440166758,0.0000000000
0.3637899844,0.4740206913,0.0000000000
0.7853788073,0.7805162888,0.0000000000
0.6875811026,0.9069076085,0.0000000000
0.5231515228,0.0434310341,0.0000000000
0.6471028844,0.4011510337,0.0000000000
0.1367249573,0.3042449408,0.0000000000
0.7628297016,0.4229934732,0.0000000000
0.9383014761,0.2595532805,0.0000000000
0.3606652835,0.4670887364,0.0000000000
0.4582257462,0.6526562396,0.0000000000
0.7263824484,0.3159460088,0.0000000000
0.9818571411,0.8935750026,0.0000000000
0.6320027783,0.3865999882,0.0000000000
0.3331003582,0.7393424507,0.0000000000
0.0842947551,0.5001066367,0.0000000000
0.8977103121,0.9910923763,0.0000000000
0.6067078876,0.9537856924,0.0000000000
0.4646759909,0.3458261708,0.0000000000
0.4536389505,0.3407377985,0.0000000000
0.9954202545,0.5151902544,0.0000000000
0.7498970989,0.4809547909,0.0000000000
0.1675110495,0.1871262626,0.0000000000
0.1794471509,0.9599230910,0.0000000000
0.9065369339,0.3819189433,0.0000000000
0.4010271830,0.3931051866,0.0000000000
0.4854679793,0.7489157985,0.0000000000
0.5187102511,0.8766108591,0.0000000000
0.1022324577,0.9259079011,0.0000000000
0.8799369261,0.4948723632,0.0000000000
0.2500551936,0.4840134710,0.0000000000
0.9776510224,0.7629313075,0.0000000000
0.0074351900,0.9902618918,0.0000000000
0.5807453319,0.8041055230,0.0000000000
0.5915286824,0.3630400744,0.0000000000
0.8063675620,0.1708215328,0.0000000000
0.3583579001,0.1625000763,0.0000000000
0.4456861229,0.8133405882,0.0000000000
0.6199078116,0.0363590247,0.0000000000
0.3666689512,0.2193901971,0.0000000000
0.3846559481,0.4671895606,0.0000000000
0.1281964516,0.0990704213,0.0000000000
0.5227863327,0.8964732537,0.0000000000
0.4712999819,0.4070707656,0.0000000000
0.8908786913,0.4376319542,0.0000000000
0.6324046733,0.2004125159,0.0000000000
0.9485518110,0.7368333244,0.0000000000
0.9035321848,0.9950457123,0.0000000000
0.7184925637,0.8541690845,0.0000000000
0.1060621882,0.4015830105,0.0000000000
0.5807266298,0.2991837566,0.0000000000
0.4122791984,0.9062388945,0.0000000000
0.3510905662,0.9824168114,0.0000000000
0.4533654700,0.7657414609,0.0000000000
0.9876867664,0.3268655639,0.0000000000
0.1445112016,0.4972664915,0.0000000000
0.2106593132,0.0319752048,0.0000000000
0.5279646643,0.1009252508,0.0000000000
0.4693536000,0.2877450670,0.0000000000
0.3813639686,0.1608735692,0.0000000000
0.8985111595,0.6161332770,0.0000000000
0.0145801535,0.7553722053,0.0000000000
0.2491822055,0.5994038556,0.0000000000
0.9926173083,0.8075247106,0.0000000000
0.6751873897,0.0592647706,0.0000000000
0.5279708880,0.9895516676,0.0000000000
0.9738433349,0.0908496851,0.0000000000
0.3708456031,0.4189289522,0.0000000000
0.1080714630,0.7463723873,0.0000000000
0.9521978731,0.3553578819,0.0000000000
0.3587038552,0.8489875103,0.0000000000
0.0792696039,0.5850905107,0.0000000000
0.1852796918,0.5022355585,0.0000000000
0.5144162640,0.2131147298,0.0000000000
0.7092393893,0.3941652895,0.0000000000
0.3087568066,0.9014314522,0.0000000000
0.4356369832,0.5103535099,0.0000000000
0.7376398465,0.3405547865,0.0000000000
0.3277173092,0.4158294741,0.0000000000
0.0376570419,0.8252845523,0.0000000000
0.2020236279,0.4251199041,0.0000000000
0.2663558477,0.4458581568,0.0000000000
0.6322532212,0.6222938331,0.0000000000
0.8689740816,0.2880040576,0.0000000000
0.7419114681,0.0879820038,0.0000000000
0.2419194722,0.2673465861,0.0000000000
0.1421102192,0.5046607981,0.0000000000
0.3100658908,0.0447246760,0.0000000000
0.9171588240,0.3042726602,0.0000000000
0.1504869551,0.4298675262,0.0000000000
0.7040416731,0.0286981497,0.0000000000
0.6602599232,0.7581294849,0.0000000000
0.2834447223,0.8319514296,0.0000000000
0.3283343778,0.0881313556,0.0000000000
0.4415912916,0.3958441846,0.0000000000
0.9980466522,0.6723092810,0.0000000000
0.0154159217,0.3990949948,0.0000000000
0.0800505562,0.9238641882,0.0000000000
0.3201355358,0.1140407299,0.0000000000
0.8864839622,0.3874548801,0.0000000000
0.2717502837,0.6257435027,0.0000000000
0.0898725224,0.9977964406,0.0000000000
0.9773074396,0.0149557093,0.0000000000
0.3903060376,0.3807608194,0.0000000000
0.7829182661,0.9839096678,0.0000000000
0.1167831614,0.2911625170,0.0000000000
0.8899137527,0.9375447211,0.0000000000
0.6192922553,0.7975160096,0.0000000000
0.3762336168,0.2312545190,0.0000000000
0.1239211483,0.0145188622,0.0000000000
0.9642507860,0.9679992633,0.0000000000
0.1437857329,0.8223943107,0.0000000000
0.7934415501,0.6259884064,0.0000000000
0.8421527554,0.0619386526,0.0000000000
0.1305050738,0.7643937148,0.0000000000
0.1349060015,0.1892370658,0.0000000000
0.7890702611,0.5442453803,0.0000000000
0.0909069188,0.7468797699,0.0000000000
0.5740246951,0.4998333006,0.0000000000
0.1398414900,0.2639948290,0.0000000000
0.7041661355,0.4791916470,0.0000000000
0.0844904874,0.9423173770,0.0000000000
0.8398296269,0.0849443810,0.0000000000
0.6873190686,0.3734919726,0.0000000000
0.0880454167,0.6924992086,0.0000000000
0.9934480531,0.4885945868,0.0000000000
0.7028895995,0.8034714654,0.0000000000
0.7812674580,0.1729100225,0.0000000000
0.9669827313,0.6378634559,0.0000000000
0.9273774153,0.0479223156,0.0000000000
0.4369957462,0.8040049889,0.0000000000
0.7780280610,0.1896961661,0.0000000000
0.8240836070,0.7647219069,0.0000000000
0.4080189190,0.7057332709,0.0000000000
0.5444717365,0.8602087653,0.0000000000
0.5630377593,0.5186112154,0.0000000000
0.9534799578,0.2495596467,0.0000000000
0.7191056403,0.4352702280,0.0000000000
0.6372961814,0.0238413312,0.0000000000
0.8551053679,0.2077086433,0.0000000000
0.3188342113,0.2644281516,0.0000000000
0.6509579972,0.9891318309,0.0000000000
0.2439621980,0.5109554363,0.0000000000
0.3524024017,0.1393829562,0.0000000000
0.1218193586,0.0955338317,0.0000000000
0.1621969466,0.6702728228,0.0000000000
0.8713049425,0.9094992190,0.0000000000
0.5645781547,0.7683117849,0.0000000000
0.0809766269,0.4327525724,0.0000000000
0.0773630974,0.0752493411,0.0000000000
0.8067199456,0.1475711572,0.0000000000
0.7633282685,0.6513188049,0.0000000000
0.6675517618,0.6563280866,0.0000000000
0.7536147315,0.7619815831,0.0000000000
0.6825752771,0.3357653918,0.0000000000
0.8078053907,0.9759392046,0.0000000000
0.3520086852,0.7613203343,0.0000000000
0.5867127043,0.7822152063,0.0000000000
0.2967602038,0.3671240578,0.0000000000
0.3892637239,0.4279826136,0.0000000000
0.0460234855,0.2580738469,0.0000000000
0.4668346077,0.6165671986,0.0000000000
0.1217247049,0.3257627358,0.0000000000
0.6648944002,0.4047401900,0.0000000000
0.2329105306,0.5701497426,0.0000000000
0.7205764270,0.0270749928,0.0000000000
0.0250127227,0.9060422990,0.0000000000
0.0163357301,0.3224008822,0.0000000000
0.4307791429,0.4046298324,0.0000000000
0.5249021171,0.1578623584,0.0000000000
0.2780142340,0.2732161655,0.0000000000
0.1401410638,0.5622880512,0.0000000000
0.4495546540,0.6844166059,0.0000000000
0.1797789531,0.1146794138,0.0000000000
0.5410065718,0.4860559521,0.0000000000
0.0662345522,0.3248840752,0.0000000000
0.2305244244,0.2585271548,0.0000000000
0.3919655103,0.4524878812,0.0000000000
0.6139657219,0.0783394630,0.0000000000
0.4010680777,0.4986841531,0.0000000000
0.6546459662,0.5889901675,0.0000000000
0.5684066177,0.5195756620,0.0000000000
0.2154105720,0.7574798708,0.0000000000
0.3831087940,0.0363620758,0.0000000000
0.8666534906,0.4651819622,0.0000000000
0.7647414048,0.0261445210,0.0000000000
0.5806522128,0.9744879529,0.0000000000
0.4009267681,0.9962991183,0.0000000000
0.9199355931,0.5511925930,0.0000000000
0.7249264607,0.5083815283,0.0000000000
0.5282643189,0.7320323672,0.0000000000
0.5869319572,0.7142737113,0.0000000000
0.1162485873,0.4029373319,0.0000000000
0.7731660199,0.6051919494,0.0000000000
0.8864865525,0.2533451993,0.0000000000
0.0820670103,0.2984034774,0.0000000000
0.0952196291,0.0883634687,0.0000000000
0.2609543269,0.2550486836,0.0000000000
0.8646665345,0.3937964733,0.0000000000
0.3879860632,0.1704009339,0.0000000000
0.4873938584,0.5535405859,0.0000000000
0.4729545173,0.3270701458,0.0000000000
0.7248076600,0.5101934335,0.0000000000
0.3964557897,0.5530274901,0.0000000000
0.1709392871,0.6888455051,0.0000000000
0.3508285812,0.2101283330,0.0000000000
0.6686529735,0.9845195182,0.0000000000
0.1799054923,0.4928710477,0.0000000000
0.0968143600,0.3320492723,0.0000000000
0.5997291258,0.5732571818,0.0000000000
0.7247759109,0.9720834677,0.0000000000
0.4267338904,0.6197093603,0.0000000000
0.7737686943,0.1968374736,0.0000000000
0.3186869060,0.5569772555,0.0000000000
0.1532300707,0.4754166642,0.0000000000
0.7440170204,0.3610258326,0.0000000000
0.3160124885,0.6271971979,0.0000000000
0.5870444634,0.2244524224,0.0000000000
0.8305305951,0.0903508126,0.0000000000
0.8549964547,0.9009966335,0.0000000000
0.8360162003,0.7836278452,0.0000000000
0.8742930297,0.6294758134,0.0000000000
0.9776809766,0.8625098568,0.0000000000
0.4653620526,0.9188811361,0.0000000000
0.3697445080,0.7060780642,0.0000000000
0.8190085014,0.0193530108,0.0000000000
0.3605593221,0.7831754381,0.0000000000
0.3211063210,0.8775807513,0.0000000000
0.6842977929,0.4721016581,0.0000000000
0.6764147166,0.8353454177,0.0000000000
0.2165096391,0.0116161325,0.0000000000
0.3669234955,0.2647658512,0.0000000000
0.3721844113,0.4991688029,0.0000000000
0.5716856138,0.5752792121,0.0000000000
0.0120524202,0.4434547778,0.0000000000
0.5774322242,0.5036571476,0.0000000000
0.8881621583,0.2693216358,0.0000000000
0.0292064807,0.0757858298,0.0000000000
0.7170352016,0.8419544384,0.0000000000
0.1524079456,0.6752701137,0.0000000000
0.9321139173,0.8099988530,0.0000000000
0.3687389520,0.2921161041,0.0000000000
0.2755169684,0.7962018012,0.0000000000
0.3647481056,0.0230149550,0.0000000000
0.5678632050,0.8692880209,0.0000000000
0.0911624352,0.6905897273,0.0000000000
0.5783446666,0.6395703007,0.0000000000
0.6212940937,0.4774258140,0.0000000000
0.3003260666,0.5105843430,0.0000000000
0.1781475481,0.3732631296,0.0000000000
0.0313899649,0.6109793286,0.0000000000
0.5504798859,0.6654517554,0.0000000000
0.7774697846,0.4673375061,0.0000000000
0.1451891882,0.0475833449,0.0000000000
0.4675089515,0.9760254305,0.0000000000
0.6236643809,0.5253904494,0.0000000000
0.1230548098,0.8010842891,0.0000000000
0.7720408763,0.9767185713,0.0000000000
0.9827247630,0.3108756778,0.0000000000
0.5815988963,0.3238917901,0.0000000000
0.8745329964,0.6589748866,0.0000000000
0.6346997935,0.1079183357,0.0000000000
0.7748675919,0.4655520635,0.0000000000
0.6369793361,0.0495375025,0.0000000000
0.3918943705,0.1857458838,0.0000000000
0.4831231755,0.9834494594,0.0000000000
0.6253598708,0.5988638989,0.0000000000
0.2367673680,0.7613927922,0.0000000000
0.1928015699,0.6663771190,0.0000000000
0.7564660658,0.3582728416,0.0000000000
0.1772956950,0.9874543582,0.0000000000
0.7032154016,0.6804813316,0.0000000000
0.3404242385,0.2410325010,0.0000000000
0.3224859531,0.5483755932,0.0000000000
0.1316042601,0.5091673538,0.0000000000
0.3186850820,0.4328306680,0.0000000000
0.8892974454,0.9982850690,0.0000000000
0.2690530904,0.9848509915,0.0000000000
0.4207806971,0.4049815222,0.0000000000
0.1638456013,0.9747614105,0.0000000000
0.8205935493,0.5850243446,0.0000000000
0.7404797244,0.0066764737,0.0000000000
0.5043647669,0.4200376954,0.0000000000
0.5684879599,0.5348012099,0.0000000000
0.1437344228,0.6136497152,0.0000000000
0.7770376328,0.1078390933,0.0000000000
0.6277326587,0.6653825628,0.0000000000
0.5622789073,0.0036692685,0.0000000000
0.8836574338,0.3699849999,0.0000000000
0.5221791573,0.5002513207,0.0000000000
0.9527589262,0.0920375012,0.0000000000
0.0576523521,0.2745968379,0.0000000000
0.2835329361,0.2988766846,0.0000000000
0.4501498575,0.9862720809,0.0000000000
0.6952356483,0.7327977750,0.0000000000
0.2139311443,0.3865306492,0.0000000000
0.4379677405,0.3943336910,0.0000000000
0.9398336572,0.8244902101,0.0000000000
0.8678569211,0.6628968258,0.0000000000
0.4847678320,0.4497919579,0.0000000000
0.4145814520,0.3226200554,0.0000000000
0.1190286540,0.1573747543,0.0000000000
0.8705485472,0.1633482197,0.0000000000
0.4422156044,0.8462636482,0.0000000000
0.5737655207,0.2777341817,0.0000000000
0.7959708034,0.8309569496,0.0000000000
0.5084431403,0.6849983719,0.0000000000
0.7694013515,0.3349954756,0.0000000000
0.7419505229,0.7640132812,0.0000000000
0.6880589351,0.7757522148,0.0000000000
0.6497324800,0.8910094546,0.0000000000
0.9846158382,0.8370344817,0.0000000000
0.2877225970,0.4387474639,0.0000000000
0.9035955716,0.5302551460,0.0000000000
0.0525641929,0.1405764144,0.0000000000
0.1460125193,0.7108139551,0.0000000000
0.6612376233,0.3355984155,0.0000000000
0.0387139928,0.9184039500,0.0000000000
0.9306923471,0.8176953369,0.0000000000
0.9986613260,0.4673058750,0.0000000000
0.6182056486,0.2757486339,0.0000000000
0.2539680976,0.3632100230,0.0000000000
0.3076194331,0.5099152794,0.0000000000
0.0599965633,0.9803636913,0.0000000000
0.2427375254,0.6114803497,0.0000000000
0.6566826386,0.2398090001,0.0000000000
0.7970984246,0.1551358774,0.0000000000
0.9399825994,0.0330980092,0.0000000000
0.5881747645,0.9152898444,0.0000000000
0.7240646327,0.4992240591,0.0000000000
0.7260126232,0.8901021138,0.0000000000
0.0055016896,0.0816677092,0.0000000000
0.7814967033,0.4348241709,0.0000000000
0.3453390626,0.1168901700,0.0000000000
0.2107546826,0.7198326174,0.0000000000
0.2320724182,0.5636581328,0.0000000000
0.2932564389,0.9378271870,0.0000000000
0.4437908944,0.2420576744,0.0000000000
0.3546077949,0.1325136095,0.0000000000
0.0970671866,0.7403956583,0.0000000000
0.3177528769,0.4375944134,0.0000000000
0.8298507669,0.9480908469,0.0000000000
0.6291662878,0.3208768831,0.0000000000
0.3349473294,0.4459299461,0.0000000000
0.5394109777,0.9598616125,0.0000000000
0.3139893750,0.5547831416,0.0000000000
0.5219382335,0.2649697447,0.0000000000
0.7895668120,0.0373040133,0.0000000000
0.1897730084,0.8981592899,0.0000000000
0.4768845970,0.4819930349,0.0000000000
0.7088664670,0.9796552752,0.0000000000
0.4790168689,0.7448157411,0.0000000000
0.1855666425,0.3362537702,0.0000000000
0.4271736673,0.2066415204,0.0000000000
0.4855155755,0.5336776647,0.0000000000
0.1500921702,0.7796599894,0.0000000000
0.2433114257,0.0555859666,0.0000000000
0.7118830832,0.7153920285,0.0000000000
0.9265242695,0.1102878612,0.0000000000
0.0470210317,0.5790351167,0.0000000000
0.4221029567,0.5232891299,0.0000000000
0.8323895971,0.0280955866,0.0000000000
0.3678415601,0.5361628951,0.0000000000
0.6519395080,0.8842673071,0.0000000000
0.8573155280,0.1825327163,0.0000000000
0.2259144620,0.9238821011,0.0000000000
0.2706141432,0.4593193833,0.0000000000
0.5974377598,0.3072862272,0.0000000000
0.8495207444,0.9026008775,0.0000000000
0.3042688296,0.3635393042,0.0000000000
0.3154808998,0.4142459812,0.0000000000
0.7633800672,0.0892082094,0.0000000000
0.5418747993,0.6319661192,0.0000000000
0.5138352904,0.1751062393,0.0000000000
0.0351036598,0.0685206909,0.0000000000
0.9279682136,0.3139689533,0.0000000000
0.3798839823,0.7378014605,0.0000000000
0.5913477843,0.3574043496,0.0000000000
0.8632866430,0.4584254408,0.0000000000
0.2361184592,0.5794440005,0.0000000000
0.7550346433,0.3683831730,0.0000000000
0.2903129996,0.5809344203,0.0000000000
0.8804697629,0.4616414529,0.0000000000
0.6819181194,0.2357648171,0.0000000000
0.3677376656,0.1988977930,0.0000000000
0.9707325206,0.9136696261,0.0000000000
0.9521129587,0.5693997496,0.0000000000
0.8345757983,0.2474204457,0.0000000000
0.4782489341,0.9391574149,0.0000000000
0.3869875543,0.2623939806,0.0000000000
0.0059258067,0.6359624928,0.0000000000
0.9296735018,0.5363215433,0.0000000000
0.1347410065,0.4837679158,0.0000000000
0.2908131919,0.2007561209,0.0000000000
0.3257095859,0.1432530703,0.0000000000
0.9594591640,0.6269908959,0.0000000000
0.9878616517,0.4873277987,0.0000000000
0.9022952483,0.8013522038,0.0000000000
0.5399579461,0.2726599966,0.0000000000
0.0108389213,0.4870681959,0.0000000000
0.4836551661,0.7064260546,0.0000000000
0.9620730724,0.2860295085,0.0000000000
0.9289600239,0.8295471636,0.0000000000
0.8152711591,0.9425116910,0.0000000000
0.5446901816,0.8425985049,0.0000000000
0.4281738904,0.2921337278,0.0000000000
0.4959181136,0.3292532453,0.0000000000
0.5017395030,0.6503483965,0.0000000000
0.8383328435,0.8656544061,0.0000000000
0.9659770491,0.9433491413,0.0000000000
0.8870664657,0.7234514553,0.0000000000
0.4998343837,0.7189027316,0.0000000000
0.8162221101,0.4921855203,0.0000000000
0.4137534010,0.6659970657,0.0000000000
0.4602885477,0.7481209626,0.0000000000
0.7652346743,0.9242521507,0.0000000000
0.8620294038,0.8168042318,0.0000000000
0.8595292646,0.6621450785,0.0000000000
0.1718464637,0.7979096092,0.0000000000
0.9233487127,0.6980703620,0.0000000000
0.6302036767,0.1933414314,0.0000000000
0.3719706854,0.7524135360,0.0000000000
0.8877130479,0.1714439616,0.0000000000
0.2364095952,0.8358573259,0.0000000000
0.2789639694,0.6670054904,0.0000000000
0.9270121725,0.3764659933,0.0000000000
0.2359631390,0.9866836970,0.0000000000
0.8694974218,0.1402129758,0.0000000000
0.3362415860,0.5786750960,0.0000000000
0.8558350537,0.2527723641,0.0000000000
0.8668578275,0.8006730716,0.0000000000
0.7279859042,0.5646300205,0.0000000000
0.8185002741,0.0849211066,0.0000000000
0.6147667942,0.7418766711,0.0000000000
0.3339243926,0.9113678587,0.0000000000
0.2943927216,0.4307312876,0.0000000000
0.1273732695,0.4928910095,0.0000000000
0.6938284767,0.1334867413,0.0000000000
0.3227045116,0.3278142280,0.0000000000
0.5541807416,0.6387013797,0.0000000000
0.8665178315,0.3003903866,0.0000000000
0.4226109427,0.2489484767,0.0000000000
0.5099971288,0.0530395600,0.0000000000
0.3296775940,0.6732808061,0.0000000000
0.9815385734,0.6374634582,0.0000000000
0.9608229282,0.7144376090,0.0000000000
0.7697126120,0.2806807772,0.0000000000
0.5175757672,0.8089546423,0.0000000000
0.3403398556,0.7304303492,0.0000000000
0.8657232329,0.3439325639,0.0000000000
0.4927380989,0.7796085721,0.0000000000
0.9250118648,0.4758164814,0.0000000000
0.5065300563,0.5611469996,0.0000000000
0.9775226572,0.5384710560,0.0000000000
0.3414196449,0.1355471050,0.0000000000
0.1848924217,0.8235042836,0.0000000000
0.1970103642,0.4324133045,0.0000000000
0.6807011104,0.6093367487,0.0000000000
0.4114824014,0.3486231904,0.0000000000
0.5558526253,0.0921574327,0.0000000000
0.8622871257,0.9417272720,0.0000000000
0.7635691173,0.4902978701,0.0000000000
0.2097319572,0.7313787776,0.0000000000
0.9084686691,0.8554289512,0.0000000000
0.4353036322,0.8435519532,0.0000000000
0.5252632255,0.3989450421,0.0000000000
0.3187151876,0.2254349089,0.0000000000
0.3639742161,0.2751650373,0.0000000000
0.2721422827,0.5624383000,0.0000000000
0.3442569822,0.6227927850,0.0000000000
0.1052527316,0.7313735658,0.0000000000
0.8511270035,0.4740498504,0.0000000000
0.3194519521,0.4095083406,0.0000000000
0.7866810551,0.7939543033,0.0000000000
0.8377119722,0.8429452988,0.0000000000
0.5890603823,0.3016701587,0.0000000000
0.3506143387,0.3246512747,0.0000000000
0.5921447023,0.9070439979,0.0000000000
0.8769078380,0.7206079698,0.0000000000
0.7567125787,0.7857474158,0.0000000000
0.5325539422,0.4936215542,0.0000000000
0.7899405333,0.7011811966,0.0000000000
0.7945422777,0.2190933663,0.0000000000
0.1496303764,0.8968657911,0.0000000000
0.8547554135,0.2689803327,0.0000000000
0.6802233424,0.3076089519,0.0000000000
0.2567740796,0.3641617362,0.0000000000
0.6455398287,0.3768301123,0.0000000000
0.5172274271,0.6210121428,0.0000000000
0.4108398320,0.2706329684,0.0000000000
0.4646941166,0.1051170890,0.0000000000
0.2573120437,0.4881676365,0.0000000000
0.6435375375,0.2470643393,0.0000000000
0.6428840236,0.2871971489,0.0000000000
0.3901300738,0.9418656495,0.0000000000
0.0024289037,0.4144828355,0.0000000000
0.9167065148,0.7875695789,0.0000000000
0.0880564671,0.5931631433,0.0000000000
0.4361714908,0.1274656575,0.0000000000
0.7883499480,0.2269096287,0.0000000000
0.3913497153,0.2281048723,0.0000000000
0.7712251630,0.7973775647,0.0000000000
0.1902956110,0.0770964874,0.0000000000
0.7796256873,0.2875115414,0.0000000000
0.3541480855,0.8591626901,0.0000000000
0.0789037440,0.2250458125,0.0000000000
0.7343382994,0.0303824252,0.0000000000
0.9783959875,0.7200546702,0.0000000000
0.5402934657,0.2054335345,0.0000000000
0.1233742075,0.4573787129,0.0000000000
0.4731317994,0.3733134258,0.0000000000
0.1624418375,0.4661210743,0.0000000000
0.9478845391,0.8147360908,0.0000000000
0.1393470731,0.6517581881,0.0000000000
0.2527035162,0.1652277351,0.0000000000
0.6896797351,0.9248569016,0.0000000000
0.7061867255,0.4903071321,0.0000000000
0.6433908319,0.9501264833,0.0000000000
0.5568849472,0.5558951902,0.0000000000
0.8499993337,0.2333421222,0.0000000000
0.9552891923,0.7994060692,0.0000000000
0.8740545437,0.8655712100,0.0000000000
0.6404551940,0.9123011771,0.0000000000
0.7743759179,0.5662106197,0.0000000000
0.9471205516,0.3380566623,0.0000000000
0.5882385653,0.8962202487,0.0000000000
0.3569625862,0.2470636075,0.0000000000
0.8558584010,0.6449549330,0.0000000000
0.1175005438,0.9782876148,0.0000000000
0.6671025697,0.6906817923,0.0000000000
0.9012300410,0.0027413373,0.0000000000
0.1131516238,0.2376088521,0.0000000000
0.2719123801,0.4712498729,0.0000000000
0.1515635878,0.0772618615,0.0000000000
0.8139562378,0.5510159688,0.0000000000
0.9585613381,0.7224774138,0.0000000000
0.0016507754,0.6444453862,0.0000000000
0.3895738429,0.2268070793,0.0000000000
0.1100712157,0.1954972288,0.0000000000
0.9298307244,0.5473320577,0.0000000000
0.8859888239,0.3215583297,0.0000000000
0.0781547065,0.3626471285,0.0000000000
0.2346760124,0.6388302756,0.0000000000
0.6574193688,0.7664287337,0.0000000000
0.3115605459,0.5302872502,0.0000000000
0.2992014343,0.3068953331,0.0000000000
0.9440548589,0.4365626252,0.0000000000
0.6542407193,0.3748127898,0.0000000000
0.0287639824,0.5899461954,0.0000000000
0.1680604006,0.4143481984,0.0000000000
0.9103882295,0.3049713780,0.0000000000
0.7568345404,0.3160950799,0.0000000000
0.5811399766,0.4159677872,0.0000000000
0.7013151966,0.2579061492,0.0000000000
0.7533562540,0.7302436895,0.0000000000
0.4929288008,0.9444486440,0.0000000000
0.8136499663,0.9823027542,0.0000000000
0.1970348284,0.2441823933,0.0000000000
0.3165297578,0.6411092568,0.0000000000
0.8005034559,0.6859424546,0.0000000000
0.0828442242,0.3064419391,0.0000000000
0.0594915525,0.6944036690,0.0000000000
0.2569749511,0.5857593540,0.0000000000
0.1998965030,0.3674241515,0.0000000000
0.2110683950,0.1940570228,0.0000000000
0.3295063956,0.5366951108,0.0000000000
0.5434523487,0.4143191387,0.0000000000
0.4831994569,0.4921221001,0.0000000000
0.1788751260,0.9071303687,0.0000000000
0.7278386574,0.3806824029,0.0000000000
0.6142419560,0.0925427196,0.0000000000
0.6147390614,0.3034688634,0.0000000000
0.3323127152,0.0894862335,0.0000000000
0.2818650558,0.6373084143,0.0000000000
0.5723586677,0.7253468232,0.0000000000
0.2916295071,0.9950832650,0.0000000000
0.5612583920,0.4846070570,0.0000000000
0.4384626924,0.5317818926,0.0000000000
0.9545525322,0.0840744177,0.0000000000
0.0122145163,0.5792184427,0.0000000000
0.7940681985,0.3974281388,0.0000000000
0.4274500766,0.8411742145,0.0000000000
0.6521505681,0.7774793928,0.0000000000
0.5427712661,0.3725128981,0.0000000000
0.1607121688,0.5596149811,0.0000000000
0.2667819577,0.1907750427,0.0000000000
0.9518937742,0.0392125732,0.0000000000
0.7770253161,0.6586709787,0.0000000000
0.0834122229,0.1116625220,0.0000000000
0.7581628116,0.8146200458,0.0000000000
0.2121306099,0.5117401193,0.0000000000
0.6046485510,0.1843218078,0.0000000000
0.3243473606,0.6999463725,0.0000000000
0.7418378194,0.8671324414,0.0000000000
0.3847471687,0.3120100012,0.0000000000
0.1993150287,0.9425800976,0.0000000000
0.6939922910,0.7190773645,0.0000000000
0.7457758674,0.3773022314,0.0000000000
0.4301081763,0.9273820999,0.0000000000
0.3188509832,0.2086583691,0.0000000000
0.1265127541,0.6333107211,0.0000000000
0.0125158330,0.5759735440,0.0000000000
0.2182997190,0.9520818224,0.0000000000
0.5418581596,0.7006702486,0.0000000000
0.6425255585,0.5959561376,0.0000000000
0.4785285575,0.9331019136,0.0000000000
0.4641824101,0.4755433436,0.0000000000
0.2179901120,0.7775094424,0.0000000000
0.7521633730,0.1431389026,0.0000000000
0.6249442468,0.5057219358,0.0000000000
0.2092992316,0.2753482406,0.0000000000
0.4778333695,0.4595746331,0.0000000000
0.1682360346,0.5270954130,0.0000000000
0.7818896965,0.3674619078,0.0000000000
0.5846237307,0.7998516290,0.0000000000
0.6065727920,0.8678414072,0.0000000000
0.6637203793,0.5439635005,0.0000000000
0.3151837810,0.2015413451,0.0000000000
0.8571413460,0.6551884581,0.0000000000
0.8140214075,0.5219620246,0.0000000000
0.3135972359,0.7176438607,0.0000000000
0.0472032952,0.6274300000,0.0000000000
0.2691666903,0.7858181601,0.0000000000
