-1.0000000000,1.6663222802,1.0348036645,1.0000000000
-1.0000000000,1.6193518846,1.3354547029,1.0000000000
-1.0000000000,1.5271952944,0.0097631468,1.0000000000
-1.0000000000,2.9873175947,2.8942761999,1.0000000000
-1.0000000000,1.6390506828,2.7135025038,1.0000000000
-1.0000000000,1.5553124192,2.5010530661,1.0000000000
-1.0000000000,1.4449366375,2.7876242094,1.0000000000
-1.0000000000,2.9763346273,0.0131197161,1.0000000000
-1.0000000000,1.3101099137,2.1621380869,1.0000000000
-1.0000000000,2.4148291921,1.3959209729,1.0000000000
-1.0000000000,2.2785323304,3.3463891589,1.0000000000
-1.0000000000,2.4889482162,0.0820813182,1.0000000000
-1.0000000000,2.3447606001,3.4764184446,1.0000000000
-1.0000000000,1.3529052140,3.9400021755,1.0000000000
-1.0000000000,2.4703568600,3.1038952934,1.0000000000
-1.0000000000,2.9461331173,2.0448891342,1.0000000000
-1.0000000000,1.9626558093,3.0346261755,1.0000000000
-1.0000000000,1.5771678972,0.0614288729,1.0000000000
-1.0000000000,1.5547773290,3.8597429195,1.0000000000
-1.0000000000,1.1768917341,0.3650323463,1.0000000000
-1.0000000000,1.0005327698,0.7830390375,1.0000000000
-1.0000000000,1.9154323106,3.1062780143,1.0000000000
-1.0000000000,1.7256577467,1.5971196218,1.0000000000
-1.0000000000,2.7764328732,0.5274343861,1.0000000000
-1.0000000000,1.0172283518,3.4800594371,1.0000000000
-1.0000000000,2.6610660683,2.1826047446,1.0000000000
-1.0000000000,2.3338690745,1.8949530322,1.0000000000
-1.0000000000,2.3004190646,2.2337315791,1.0000000000
-1.0000000000,1.2015804455,0.7865328665,1.0000000000
-1.0000000000,1.1829930703,1.8805834663,1.0000000000
-1.0000000000,2.8026174740,2.9197755919,1.0000000000
-1.0000000000,1.7998673846,3.6716301280,1.0000000000
-1.0000000000,2.5229998481,3.5118698340,1.0000000000
-1.0000000000,1.6852885294,1.5974268201,1.0000000000
-1.0000000000,2.0242249010,0.3706596346,1.0000000000
-1.0000000000,1.2189177840,1.8029847309,1.0000000000
-1.0000000000,2.3130883023,3.4214906772,1.0000000000
-1.0000000000,2.0846792969,2.3708146886,1.0000000000
-1.0000000000,2.9288176382,0.5627118766,1.0000000000
-1.0000000000,2.7804851512,1.0380134095,1.0000000000
-1.0000000000,1.4659147559,0.3083698354,1.0000000000
-1.0000000000,2.6145075637,3.5295882473,1.0000000000
-1.0000000000,2.6099300396,3.3657988844,1.0000000000
-1.0000000000,2.9575937756,3.7231834280,1.0000000000
-1.0000000000,1.5553466939,2.7101888153,1.0000000000
-1.0000000000,2.8582315805,0.6978053683,1.0000000000
-1.0000000000,2.8233036582,0.0957071286,1.0000000000
-1.0000000000,2.4631125967,0.4044910790,1.0000000000
-1.0000000000,1.8549223197,2.7721578854,1.0000000000
-1.0000000000,1.6280777282,1.0960871340,1.0000000000
-1.0000000000,2.6970672313,0.6136835558,1.0000000000
-1.0000000000,1.7342638640,3.7496127879,1.0000000000
-1.0000000000,1.8394268323,0.8257143799,1.0000000000
-1.0000000000,1.1844203167,1.5546282014,1.0000000000
-1.0000000000,1.8800937813,2.3989443244,1.0000000000
-1.0000000000,2.7934956246,2.4006938035,1.0000000000
-1.0000000000,2.8285367481,2.3322067360,1.0000000000
-1.0000000000,1.4196210023,1.3904662994,1.0000000000
-1.0000000000,2.1532190174,1.1877738884,1.0000000000
-1.0000000000,1.1564626557,3.9247989878,1.0000000000
-1.0000000000,1.2733120724,0.5220560643,1.0000000000
-1.0000000000,2.2073391810,1.1742310776,1.0000000000
-1.0000000000,1.6510210760,2.1456392396,1.0000000000
-1.0000000000,1.9194707051,3.8791434708,1.0000000000
-1.0000000000,2.1331710803,1.2673546081,1.0000000000
-1.0000000000,2.4585100424,1.7097988087,1.0000000000
-1.0000000000,2.5507514812,2.8200901688,1.0000000000
-1.0000000000,2.7582453264,1.1807770937,1.0000000000
-1.0000000000,1.7480253038,1.8620013914,1.0000000000
-1.0000000000,2.6077778951,1.7345206448,1.0000000000
-1.0000000000,1.8449988083,1.1452707774,1.0000000000
-1.0000000000,1.0496999186,1.3833028031,1.0000000000
-1.0000000000,1.2615541888,2.1025318735,1.0000000000
-1.0000000000,1.7869328104,0.0623564323,1.0000000000
-1.0000000000,1.3941105442,0.7013179344,1.0000000000
-1.0000000000,1.3745700102,0.4634480105,1.0000000000
-1.0000000000,1.0422228208,1.4626536462,1.0000000000
-1.0000000000,1.6971791754,0.0615414313,1.0000000000
-1.0000000000,1.5597623605,2.2109643021,1.0000000000
-1.0000000000,1.7772750343,2.5216540068,1.0000000000
-1.0000000000,1.3840538336,1.5779603999,1.0000000000
-1.0000000000,2.7738869465,2.8050363832,1.0000000000
-1.0000000000,2.2827131213,2.0405711665,1.0000000000
-1.0000000000,1.6740984840,2.2222656198,1.0000000000
-1.0000000000,1.4177549955,1.3685181815,1.0000000000
-1.0000000000,1.0039833239,2.3897890842,1.0000000000
-1.0000000000,2.9775412951,3.5294878788,1.0000000000
-1.0000000000,1.7581216399,2.3984526477,1.0000000000
-1.0000000000,1.6494016694,0.7670877178,1.0000000000
-1.0000000000,2.3911706647,0.5046513140,1.0000000000
-1.0000000000,1.4122599530,2.1036052014,1.0000000000
-1.0000000000,2.0750355395,2.5331794961,1.0000000000
-1.0000000000,2.9966293000,3.4954860920,1.0000000000
-1.0000000000,1.2087568894,2.5628051882,1.0000000000
-1.0000000000,1.1057537706,2.7916129874,1.0000000000
-1.0000000000,2.6356730034,0.8949497267,1.0000000000
-1.0000000000,2.2526120199,2.8791158784,1.0000000000
-1.0000000000,1.2273496741,1.0410995908,1.0000000000
-1.0000000000,2.2023623748,2.2651096215,1.0000000000
-1.0000000000,1.3078028601,1.2223863158,1.0000000000
-1.0000000000,1.4129995462,0.2474882641,-1.0000000000
-1.0000000000,2.5163509654,3.9577837293,-1.0000000000
-1.0000000000,2.6921189705,0.4770544069,-1.0000000000
-1.0000000000,1.3191890366,0.2559916566,-1.0000000000
-1.0000000000,2.0011161203,1.5026156140,-1.0000000000
-1.0000000000,2.0472892617,0.0128417944,-1.0000000000
-1.0000000000,2.7927846658,3.2193571584,-1.0000000000
-1.0000000000,2.5583408201,0.7255470737,-1.0000000000
-1.0000000000,1.4601702613,3.8917458471,-1.0000000000
-1.0000000000,2.8726509689,1.8265154519,-1.0000000000
-1.0000000000,2.9729533072,2.4245523149,-1.0000000000
-1.0000000000,1.7817280969,0.3669429054,-1.0000000000
-1.0000000000,2.7283219182,2.6309886837,-1.0000000000
-1.0000000000,2.1409591526,0.9345204791,-1.0000000000
-1.0000000000,2.9318643028,2.7548338546,-1.0000000000
-1.0000000000,1.4161362952,3.3372399608,-1.0000000000
-1.0000000000,2.2895448605,3.2229653069,-1.0000000000
-1.0000000000,2.6523656954,2.0528804954,-1.0000000000
-1.0000000000,2.8458466566,0.8436086084,-1.0000000000
-1.0000000000,1.7998981051,1.0202391790,-1.0000000000
-1.0000000000,2.5141396494,3.7681017144,-1.0000000000
-1.0000000000,1.4269729358,0.4533109512,-1.0000000000
-1.0000000000,2.9781938622,2.5383550568,-1.0000000000
-1.0000000000,1.9972857823,1.8991214999,-1.0000000000
-1.0000000000,2.8587221724,3.7128174676,-1.0000000000
-1.0000000000,2.7096255223,2.1698154075,-1.0000000000
-1.0000000000,2.6294542213,2.6911692255,-1.0000000000
-1.0000000000,2.2460885093,2.8351409615,-1.0000000000
-1.0000000000,1.5306757300,0.7787655499,-1.0000000000
-1.0000000000,2.8969059127,2.0408496337,-1.0000000000
-1.0000000000,2.1291296521,3.1666268798,-1.0000000000
-1.0000000000,1.8419442627,2.3004129023,-1.0000000000
-1.0000000000,1.3913064569,3.2572417372,-1.0000000000
-1.0000000000,1.5637115547,3.8938193506,-1.0000000000
-1.0000000000,2.8128766317,3.9836961043,-1.0000000000
-1.0000000000,2.3048749015,2.2971893564,-1.0000000000
-1.0000000000,1.8108608498,0.4432245828,-1.0000000000
-1.0000000000,1.1296423607,1.1754126807,-1.0000000000
-1.0000000000,1.5100247773,1.7379304574,-1.0000000000
-1.0000000000,1.0812036053,3.4162528428,-1.0000000000
-1.0000000000,1.0334201588,1.8102474528,-1.0000000000
-1.0000000000,2.9910417303,3.7978435171,-1.0000000000
-1.0000000000,2.9156817320,2.1230427570,-1.0000000000
-1.0000000000,2.0817750888,0.7797881935,-1.0000000000
-1.0000000000,1.7687469071,3.5231432666,-1.0000000000
-1.0000000000,2.1308693406,0.3381302270,-1.0000000000
-1.0000000000,1.8139469626,3.4493942805,-1.0000000000
-1.0000000000,1.7023019539,2.8614447041,-1.0000000000
-1.0000000000,2.7154303637,3.5968273766,-1.0000000000
-1.0000000000,2.7782740546,0.8963063674,-1.0000000000
-1.0000000000,1.2209795291,1.2132762636,-1.0000000000
-1.0000000000,2.6114033346,2.0153902665,-1.0000000000
-1.0000000000,1.1794258820,2.5012691299,-1.0000000000
-1.0000000000,2.4280990775,2.3340247550,-1.0000000000
-1.0000000000,1.2215448827,0.6969835442,-1.0000000000
-1.0000000000,1.9878911949,0.7197276952,-1.0000000000
-1.0000000000,1.3335186293,2.8641809708,-1.0000000000
-1.0000000000,1.6027805398,1.0886830375,-1.0000000000
-1.0000000000,2.0543117274,1.3068903576,-1.0000000000
-1.0000000000,2.1597680908,2.9204777865,-1.0000000000
-1.0000000000,2.7754860645,3.8716011492,-1.0000000000
-1.0000000000,2.4498663103,2.7666098965,-1.0000000000
-1.0000000000,2.6703698763,3.0769948559,-1.0000000000
-1.0000000000,2.5496052281,2.8977652251,-1.0000000000
-1.0000000000,1.4317531368,0.3052871203,-1.0000000000
-1.0000000000,1.6989088614,1.1148011054,-1.0000000000
-1.0000000000,1.3036266003,3.9301424274,-1.0000000000
-1.0000000000,2.1004959351,3.0505179668,-1.0000000000
-1.0000000000,2.0910859986,3.7246194869,-1.0000000000
-1.0000000000,1.8345691937,0.9073198506,-1.0000000000
-1.0000000000,2.3643108588,2.1314125556,-1.0000000000
-1.0000000000,2.6163356597,2.1844158778,-1.0000000000
-1.0000000000,1.4264580074,3.8011113166,-1.0000000000
-1.0000000000,1.5019837773,3.0977151289,-1.0000000000
-1.0000000000,2.6394680278,3.0945735992,-1.0000000000
-1.0000000000,1.6066480385,1.9493773765,-1.0000000000
-1.0000000000,2.3771015460,1.8971793627,-1.0000000000
-1.0000000000,1.1447335534,0.6565259605,-1.0000000000
-1.0000000000,1.5956933270,3.1950187563,-1.0000000000
-1.0000000000,1.5420176952,3.5005546931,-1.0000000000
-1.0000000000,1.5251263918,0.9808670053,-1.0000000000
-1.0000000000,2.7794456692,1.4902017422,-1.0000000000
-1.0000000000,1.9321119887,1.0530108557,-1.0000000000
-1.0000000000,1.6778519145,3.1249848455,-1.0000000000
-1.0000000000,1.0289530019,2.8367184673,-1.0000000000
-1.0000000000,2.6521881578,1.1737232850,-1.0000000000
-1.0000000000,2.0986299237,3.7423468822,-1.0000000000
-1.0000000000,1.1320016081,3.3447340764,-1.0000000000
-1.0000000000,2.8996050070,2.6927004523,-1.0000000000
-1.0000000000,1.8814040969,0.0310789814,-1.0000000000
-1.0000000000,1.2978233441,3.8720750154,-1.0000000000
-1.0000000000,2.6192767032,1.2101550415,-1.0000000000
-1.0000000000,1.0300642398,2.2343389220,-1.0000000000
-1.0000000000,1.7929719494,0.7754340920,-1.0000000000
-1.0000000000,1.1898404092,2.8133288818,-1.0000000000
-1.0000000000,2.4546723380,0.9656757850,-1.0000000000
-1.0000000000,1.6422449163,0.6541126909,-1.0000000000
-1.0000000000,1.3017409255,1.2278964839,-1.0000000000
-1.0000000000,2.3003456218,1.0048588089,-1.0000000000
-1.0000000000,2.5543465754,0.9968563277,-1.0000000000
-1.0000000000,1.9944878385,-1.1534710430,1.0000000000
-1.0000000000,1.8008994420,-3.9756661802,1.0000000000
-1.0000000000,2.7069246623,-2.3902565723,1.0000000000
-1.0000000000,1.2613424684,-1.5098604907,1.0000000000
-1.0000000000,2.6391340029,-3.5691227258,1.0000000000
-1.0000000000,2.0291861452,-1.3455221600,1.0000000000
-1.0000000000,2.1710650782,-1.1642554128,1.0000000000
-1.0000000000,2.2673290978,-0.5432584445,1.0000000000
-1.0000000000,1.4524430900,-2.4845596229,1.0000000000
-1.0000000000,2.3551305798,-2.6106295694,1.0000000000
-1.0000000000,1.6194229542,-2.0342045553,1.0000000000
-1.0000000000,2.0854734191,-3.1986816809,1.0000000000
-1.0000000000,2.5283446615,-2.9356103188,1.0000000000
-1.0000000000,2.8052223197,-3.9100202348,1.0000000000
-1.0000000000,1.2763532434,-3.7641325830,1.0000000000
-1.0000000000,1.2297629027,-2.9761816219,1.0000000000
-1.0000000000,1.7418541707,-3.4617665729,1.0000000000
-1.0000000000,1.3967212593,-2.6268434524,1.0000000000
-1.0000000000,1.5072343615,-0.1935231943,1.0000000000
-1.0000000000,1.1300082490,-1.1105054400,1.0000000000
-1.0000000000,2.9160271047,-3.1472654773,1.0000000000
-1.0000000000,1.8454122216,-2.1338015378,1.0000000000
-1.0000000000,2.7687384096,-0.9492761643,1.0000000000
-1.0000000000,1.6827253263,-3.9963579231,1.0000000000
-1.0000000000,2.4106639849,-3.0030179850,1.0000000000
-1.0000000000,2.6892694809,-3.3135341514,1.0000000000
-1.0000000000,1.8934999521,-1.6301303259,1.0000000000
-1.0000000000,1.2557731038,-2.6454900193,1.0000000000
-1.0000000000,1.0491042969,-0.6839206358,1.0000000000
-1.0000000000,1.2050603711,-2.6323752021,1.0000000000
-1.0000000000,2.0302034495,-0.2975044799,1.0000000000
-1.0000000000,2.8164300610,-3.7439729094,1.0000000000
-1.0000000000,1.7757119764,-0.1957498190,1.0000000000
-1.0000000000,1.1272705937,-3.2449551669,1.0000000000
-1.0000000000,2.1848354729,-1.8403088387,1.0000000000
-1.0000000000,2.6933186046,-2.1581826508,1.0000000000
-1.0000000000,1.4576045316,-1.2208331324,1.0000000000
-1.0000000000,2.7617772867,-0.7532090411,1.0000000000
-1.0000000000,2.2845621639,-1.3395233207,1.0000000000
-1.0000000000,1.8975222216,-2.1693969277,1.0000000000
-1.0000000000,1.0529451866,-1.7259889043,1.0000000000
-1.0000000000,1.1378047720,-1.2365402178,1.0000000000
-1.0000000000,1.2084609793,-0.6613296740,1.0000000000
-1.0000000000,1.1187293024,-1.2783849430,1.0000000000
-1.0000000000,2.9577396702,-2.1482710096,1.0000000000
-1.0000000000,1.6845846101,-3.0818210502,1.0000000000
-1.0000000000,1.9914513109,-2.8235287143,1.0000000000
-1.0000000000,2.9777252171,-3.4327569578,1.0000000000
-1.0000000000,2.6273513774,-0.3746356091,1.0000000000
-1.0000000000,2.3882921851,-1.5547132568,1.0000000000
-1.0000000000,2.6777225485,-3.1033845883,1.0000000000
-1.0000000000,1.9408781605,-3.7547702443,1.0000000000
-1.0000000000,2.0894063938,-3.8172031253,1.0000000000
-1.0000000000,1.7949370666,-3.9655216614,1.0000000000
-1.0000000000,1.6713118153,-3.0867249864,1.0000000000
-1.0000000000,1.2016461542,-0.3874934328,1.0000000000
-1.0000000000,2.8597579280,-3.2743747364,1.0000000000
-1.0000000000,2.7123550822,-3.1962429515,1.0000000000
-1.0000000000,1.2590727382,-1.1246122895,1.0000000000
-1.0000000000,2.8899256038,-3.0900964580,1.0000000000
-1.0000000000,2.1822372390,-0.5194973438,1.0000000000
-1.0000000000,2.9328816696,-0.2961871581,1.0000000000
-1.0000000000,1.8532728293,-3.6810106587,1.0000000000
-1.0000000000,2.2214300008,-3.7437181154,1.0000000000
-1.0000000000,1.3102091971,-0.2176073744,1.0000000000
-1.0000000000,1.1128686664,-3.4848762315,1.0000000000
-1.0000000000,2.4169476033,-0.5453980415,1.0000000000
-1.0000000000,1.6462903431,-0.1499015068,1.0000000000
-1.0000000000,1.8145541219,-0.0549510669,1.0000000000
-1.0000000000,1.3592156176,-2.9226504981,1.0000000000
-1.0000000000,1.5497053282,-1.2618017103,1.0000000000
-1.0000000000,1.5570900188,-2.5843063686,1.0000000000
-1.0000000000,2.0076696281,-2.8196232419,1.0000000000
-1.0000000000,1.2931778859,-1.9072858376,1.0000000000
-1.0000000000,2.3499847073,-3.3707382794,1.0000000000
-1.0000000000,1.9496154956,-1.0921068033,1.0000000000
-1.0000000000,2.6162133401,-3.7372471931,1.0000000000
-1.0000000000,2.3518845318,-1.3923906327,1.0000000000
-1.0000000000,1.6391789232,-0.2082691804,1.0000000000
-1.0000000000,2.1232789999,-2.0669944998,1.0000000000
-1.0000000000,2.1564796475,-1.0609744308,1.0000000000
-1.0000000000,2.7464959592,-2.9858304625,1.0000000000
-1.0000000000,2.7485389626,-2.7642448480,1.0000000000
-1.0000000000,2.5800015141,-2.5872323460,1.0000000000
-1.0000000000,2.3930001196,-1.3553057793,1.0000000000
-1.0000000000,2.9125775008,-0.7762332689,1.0000000000
-1.0000000000,2.6329890629,-2.9067358555,1.0000000000
-1.0000000000,1.5805522757,-3.6842738311,1.0000000000
-1.0000000000,1.9308974343,-0.8850752678,1.0000000000
-1.0000000000,1.0492630510,-0.6184305352,1.0000000000
-1.0000000000,2.3602907759,-3.8944121890,1.0000000000
-1.0000000000,2.7598924943,-0.2875097594,1.0000000000
-1.0000000000,1.9263009795,-2.1849295000,1.0000000000
-1.0000000000,1.5104011310,-0.6604395512,1.0000000000
-1.0000000000,1.1032621156,-1.3242304966,1.0000000000
-1.0000000000,1.7049349152,-0.0454713128,1.0000000000
-1.0000000000,2.0672776405,-3.5584973126,1.0000000000
-1.0000000000,2.5865003823,-2.1105465347,1.0000000000
-1.0000000000,2.6466598306,-2.8480211337,1.0000000000
-1.0000000000,1.7424865848,-1.1090635992,1.0000000000
-1.0000000000,2.3091472201,-0.8746697020,-1.0000000000
-1.0000000000,1.7169944333,-3.6869194280,-1.0000000000
-1.0000000000,2.1223364333,-2.1025863159,-1.0000000000
-1.0000000000,1.9707282764,-2.4757528204,-1.0000000000
-1.0000000000,1.3810757863,-0.0206336183,-1.0000000000
-1.0000000000,1.2022074650,-1.3878983520,-1.0000000000
-1.0000000000,2.4892291812,-1.0277149723,-1.0000000000
-1.0000000000,2.8046727107,-3.8798350062,-1.0000000000
-1.0000000000,1.1784999910,-1.4547302487,-1.0000000000
-1.0000000000,1.6590075927,-2.6837478878,-1.0000000000
-1.0000000000,1.6914407677,-1.4667944309,-1.0000000000
-1.0000000000,2.8280630370,-3.2212367446,-1.0000000000
-1.0000000000,1.8877805494,-3.2406397249,-1.0000000000
-1.0000000000,1.2633174128,-1.9748675900,-1.0000000000
-1.0000000000,1.0777436706,-1.8494720829,-1.0000000000
-1.0000000000,2.7016431112,-1.2396317005,-1.0000000000
-1.0000000000,2.3558422433,-2.7443564228,-1.0000000000
-1.0000000000,2.0291963544,-0.5933346637,-1.0000000000
-1.0000000000,1.5233294269,-2.6162092648,-1.0000000000
-1.0000000000,1.5624207138,-3.6608590587,-1.0000000000
-1.0000000000,2.3488501245,-2.8596064137,-1.0000000000
-1.0000000000,1.0557508551,-3.2698619857,-1.0000000000
-1.0000000000,2.7684178265,-1.7634051091,-1.0000000000
-1.0000000000,2.8594495606,-3.8114446963,-1.0000000000
-1.0000000000,1.6194151850,-0.1027840055,-1.0000000000
-1.0000000000,2.2907893561,-0.9892148026,-1.0000000000
-1.0000000000,2.2762171642,-0.2914465531,-1.0000000000
-1.0000000000,2.9624413475,-2.6535439263,-1.0000000000
-1.0000000000,1.5610268742,-1.8119602699,-1.0000000000
-1.0000000000,2.2077196169,-3.0841888104,-1.0000000000
-1.0000000000,2.4221064420,-3.6833147932,-1.0000000000
-1.0000000000,2.4696146316,-0.1403553875,-1.0000000000
-1.0000000000,1.8250094821,-1.0271564132,-1.0000000000
-1.0000000000,2.4344480485,-3.7776425819,-1.0000000000
-1.0000000000,1.7486840184,-0.9282787405,-1.0000000000
-1.0000000000,2.2751213365,-3.0723093135,-1.0000000000
-1.0000000000,2.9149586627,-1.8168322365,-1.0000000000
-1.0000000000,2.4344464468,-2.7069024470,-1.0000000000
-1.0000000000,2.9309341518,-0.9851437590,-1.0000000000
-1.0000000000,2.4573108899,-1.4651481148,-1.0000000000
-1.0000000000,2.0892435909,-2.9066353700,-1.0000000000
-1.0000000000,2.8404217107,-2.0911982201,-1.0000000000
-1.0000000000,1.0599868294,-2.7769662322,-1.0000000000
-1.0000000000,1.9837821737,-0.4559585094,-1.0000000000
-1.0000000000,2.4130629154,-0.7809457369,-1.0000000000
-1.0000000000,1.3633933774,-2.3652680798,-1.0000000000
-1.0000000000,1.5477250620,-0.2856679928,-1.0000000000
-1.0000000000,2.0760227455,-1.3159362219,-1.0000000000
-1.0000000000,1.5392897346,-3.8673146605,-1.0000000000
-1.0000000000,2.5186506079,-2.1973406539,-1.0000000000
-1.0000000000,2.7047150144,-1.4792327062,-1.0000000000
-1.0000000000,2.4038099167,-2.2824460712,-1.0000000000
-1.0000000000,1.0250654701,-0.0335289459,-1.0000000000
-1.0000000000,2.7033182721,-0.3249136791,-1.0000000000
-1.0000000000,2.6538064540,-0.8797021572,-1.0000000000
-1.0000000000,1.4998881792,-3.3775673508,-1.0000000000
-1.0000000000,2.3164276687,-1.7693254088,-1.0000000000
-1.0000000000,1.1537145061,-2.7423177214,-1.0000000000
-1.0000000000,1.5169753722,-1.4668711872,-1.0000000000
-1.0000000000,2.0981093279,-2.3940128579,-1.0000000000
-1.0000000000,1.2737286519,-2.7943836248,-1.0000000000
-1.0000000000,1.4899670221,-2.4019217715,-1.0000000000
-1.0000000000,1.4141434543,-2.2531770029,-1.0000000000
-1.0000000000,2.3549107540,-2.0437932195,-1.0000000000
-1.0000000000,1.0032057531,-2.6641143279,-1.0000000000
-1.0000000000,2.7517672294,-0.7786532202,-1.0000000000
-1.0000000000,1.5440051981,-0.4456586353,-1.0000000000
-1.0000000000,1.3016390620,-2.5812192111,-1.0000000000
-1.0000000000,2.3918341571,-3.1539236830,-1.0000000000
-1.0000000000,1.5833039773,-2.0034914122,-1.0000000000
-1.0000000000,2.4911960225,-2.6126294228,-1.0000000000
-1.0000000000,2.8822499908,-2.7887915122,-1.0000000000
-1.0000000000,1.4908281778,-0.0848198467,-1.0000000000
-1.0000000000,1.3752645144,-0.1131618825,-1.0000000000
-1.0000000000,1.2228694968,-1.4457288296,-1.0000000000
-1.0000000000,2.1961188404,-1.0863645929,-1.0000000000
-1.0000000000,2.3651928896,-3.0577926610,-1.0000000000
-1.0000000000,1.8616614562,-3.4355799890,-1.0000000000
-1.0000000000,1.9144070600,-1.4323981100,-1.0000000000
-1.0000000000,1.7248443138,-0.9499815320,-1.0000000000
-1.0000000000,1.0116823846,-3.2554706742,-1.0000000000
-1.0000000000,2.0165435323,-3.7401931148,-1.0000000000
-1.0000000000,1.0137419568,-2.0687935518,-1.0000000000
-1.0000000000,2.9387171003,-0.7990916951,-1.0000000000
-1.0000000000,2.8716832886,-1.7423513575,-1.0000000000
-1.0000000000,1.2619279040,-1.5981596428,-1.0000000000
-1.0000000000,2.7458405499,-1.1644110625,-1.0000000000
-1.0000000000,2.2046058799,-2.8018336207,-1.0000000000
-1.0000000000,2.0204663262,-2.5245287031,-1.0000000000
-1.0000000000,1.7193842971,-0.9650371358,-1.0000000000
-1.0000000000,1.6540644745,-2.0704175695,-1.0000000000
-1.0000000000,2.0564562818,-3.9681621164,-1.0000000000
-1.0000000000,1.4825065164,-2.2796594497,-1.0000000000
-1.0000000000,1.5929451009,-3.0170890814,-1.0000000000
-1.0000000000,1.6216482037,-1.6273799224,-1.0000000000
-1.0000000000,2.1251660895,-1.7727994115,-1.0000000000
-1.0000000000,1.1601775296,-1.9587038399,-1.0000000000
-1.0000000000,1.2909341834,-1.1841837002,-1.0000000000
-1.0000000000,1.3048569275,-0.6130359602,-1.0000000000
-1.0000000000,2.2460292000,-1.5178726622,-1.0000000000
-1.0000000000,-2.8378239821,3.6931044094,1.0000000000
-1.0000000000,-1.2095123115,3.8120972921,1.0000000000
-1.0000000000,-2.9265969074,2.0176140048,1.0000000000
-1.0000000000,-2.4507549037,0.5558215116,1.0000000000
-1.0000000000,-2.1633912440,2.1639784496,1.0000000000
-1.0000000000,-2.6222900565,1.5344393114,1.0000000000
-1.0000000000,-2.9255226411,1.6387758701,1.0000000000
-1.0000000000,-1.3200703295,0.3430513769,1.0000000000
-1.0000000000,-2.0279797225,1.7419684230,1.0000000000
-1.0000000000,-1.6139783021,3.4743996403,1.0000000000
-1.0000000000,-1.8213237102,1.2783675666,1.0000000000
-1.0000000000,-2.5613892263,3.9187264754,1.0000000000
-1.0000000000,-1.8209981509,1.8574177474,1.0000000000
-1.0000000000,-1.7388438559,2.2190667637,1.0000000000
-1.0000000000,-1.3931657921,3.1495421539,1.0000000000
-1.0000000000,-2.4213167052,3.3630837954,1.0000000000
-1.0000000000,-1.6960780679,2.9903631176,1.0000000000
-1.0000000000,-1.2569529052,2.4886226195,1.0000000000
-1.0000000000,-1.9029122965,1.3160576527,1.0000000000
-1.0000000000,-1.3412325877,1.7135669525,1.0000000000
-1.0000000000,-1.5961785873,1.5920335920,1.0000000000
-1.0000000000,-2.3131578447,1.5241495760,1.0000000000
-1.0000000000,-2.6857014534,1.0064349990,1.0000000000
-1.0000000000,-1.8931229708,1.1008657007,1.0000000000
-1.0000000000,-1.7346948903,3.4914125974,1.0000000000
-1.0000000000,-2.0297597521,2.6242188267,1.0000000000
-1.0000000000,-1.3119355839,1.5080464562,1.0000000000
-1.0000000000,-2.2493390072,1.9891156760,1.0000000000
-1.0000000000,-1.6326478417,3.9926660549,1.0000000000
-1.0000000000,-2.7193454035,0.0649189771,1.0000000000
-1.0000000000,-2.6109606170,2.6344716449,1.0000000000
-1.0000000000,-2.3013530931,0.1356016496,1.0000000000
-1.0000000000,-1.4079628309,0.1810128005,1.0000000000
-1.0000000000,-1.7383159739,2.6963863010,1.0000000000
-1.0000000000,-1.1698813177,1.0851325080,1.0000000000
-1.0000000000,-1.0734970609,1.6197585970,1.0000000000
-1.0000000000,-2.8446618805,3.6627592023,1.0000000000
-1.0000000000,-1.3482918780,0.6565247015,1.0000000000
-1.0000000000,-1.7322947445,2.5775092704,1.0000000000
-1.0000000000,-2.9337646345,0.7628881105,1.0000000000
-1.0000000000,-1.0781648056,2.8796621294,1.0000000000
-1.0000000000,-1.8308366553,2.3542653479,1.0000000000
-1.0000000000,-1.4972651262,0.4106636893,1.0000000000
-1.0000000000,-2.8416564573,1.6685715125,1.0000000000
-1.0000000000,-2.5149082910,3.2623565568,1.0000000000
-1.0000000000,-2.3806039118,0.6014487057,1.0000000000
-1.0000000000,-1.9930450604,2.4444207486,1.0000000000
-1.0000000000,-2.1699338197,3.0304880906,1.0000000000
-1.0000000000,-1.2376882108,2.0975907909,1.0000000000
-1.0000000000,-1.6436889246,2.7231978407,1.0000000000
-1.0000000000,-2.5262008909,2.6724859867,1.0000000000
-1.0000000000,-1.2621298324,0.1002280075,1.0000000000
-1.0000000000,-2.8801328464,1.8321601744,1.0000000000
-1.0000000000,-2.0531916953,0.7657140728,1.0000000000
-1.0000000000,-2.7043815678,0.2398774997,1.0000000000
-1.0000000000,-2.7280623947,1.9302804571,1.0000000000
-1.0000000000,-1.5449644882,2.8811027017,1.0000000000
-1.0000000000,-2.5027887502,3.3342241922,1.0000000000
-1.0000000000,-1.7179926241,1.8756955878,1.0000000000
-1.0000000000,-2.5360228369,0.4597781256,1.0000000000
-1.0000000000,-1.2142324628,3.7098848072,1.0000000000
-1.0000000000,-1.0333871307,3.1442024613,1.0000000000
-1.0000000000,-2.4192456338,3.3695824568,1.0000000000
-1.0000000000,-2.2799352830,1.6443590727,1.0000000000
-1.0000000000,-1.8365208338,1.4971230634,1.0000000000
-1.0000000000,-1.1335619937,1.0030292382,1.0000000000
-1.0000000000,-1.7259928417,0.3309769286,1.0000000000
-1.0000000000,-2.1049202909,0.8986944789,1.0000000000
-1.0000000000,-2.1477674627,2.3170015149,1.0000000000
-1.0000000000,-2.4924439230,1.8868988638,1.0000000000
-1.0000000000,-1.9324471317,2.6580374597,1.0000000000
-1.0000000000,-2.5641008238,3.8685204557,1.0000000000
-1.0000000000,-2.7470554102,3.7605809979,1.0000000000
-1.0000000000,-2.7394734600,3.7702213142,1.0000000000
-1.0000000000,-2.6009422416,0.7548648719,1.0000000000
-1.0000000000,-1.6738059584,1.9281643493,1.0000000000
-1.0000000000,-2.3656839021,1.4943972862,1.0000000000
-1.0000000000,-2.1910776253,2.5558276791,1.0000000000
-1.0000000000,-1.6545222828,1.5602148745,1.0000000000
-1.0000000000,-1.4826972371,0.1118838110,1.0000000000
-1.0000000000,-2.6742867064,3.8538442235,1.0000000000
-1.0000000000,-1.7136425346,3.7940513003,1.0000000000
-1.0000000000,-2.4695661057,3.5619816932,1.0000000000
-1.0000000000,-1.6415575570,2.7908648188,1.0000000000
-1.0000000000,-2.2363152202,3.0589195284,1.0000000000
-1.0000000000,-1.6202575055,2.5509081832,1.0000000000
-1.0000000000,-1.9336529859,3.9951276790,1.0000000000
-1.0000000000,-2.1293046530,1.3865856274,1.0000000000
-1.0000000000,-1.6894179924,3.4369717750,1.0000000000
-1.0000000000,-1.3082356539,0.3943741747,1.0000000000
-1.0000000000,-2.5742507245,0.2531922006,1.0000000000
-1.0000000000,-2.3688360098,0.5294502065,1.0000000000
-1.0000000000,-2.0049205445,0.5684420910,1.0000000000
-1.0000000000,-2.6532840879,1.7875739708,1.0000000000
-1.0000000000,-2.1444017362,0.5310858166,1.0000000000
-1.0000000000,-1.1799275950,3.4998498689,1.0000000000
-1.0000000000,-2.7043147746,3.7924251107,1.0000000000
-1.0000000000,-1.8752777032,1.9548081279,1.0000000000
-1.0000000000,-1.8562399267,1.9704040847,1.0000000000
-1.0000000000,-1.3309537886,2.7150811209,1.0000000000
-1.0000000000,-2.2470559376,2.0975640785,-1.0000000000
-1.0000000000,-1.2604014660,0.4154848510,-1.0000000000
-1.0000000000,-2.7695659775,0.1194511238,-1.0000000000
-1.0000000000,-2.3808096436,2.2443429241,-1.0000000000
-1.0000000000,-1.9249191933,2.2814430793,-1.0000000000
-1.0000000000,-1.8853400618,3.2783977803,-1.0000000000
-1.0000000000,-2.3430564546,3.5028519800,-1.0000000000
-1.0000000000,-2.1582363072,1.9521877423,-1.0000000000
-1.0000000000,-2.5502087685,2.8043762157,-1.0000000000
-1.0000000000,-2.6444706917,2.5362779605,-1.0000000000
-1.0000000000,-2.7550878716,2.4492221615,-1.0000000000
-1.0000000000,-1.4557721850,3.0656401075,-1.0000000000
-1.0000000000,-2.8731635224,0.2614528284,-1.0000000000
-1.0000000000,-2.4678316515,3.3717313344,-1.0000000000
-1.0000000000,-1.6547353338,1.6824778336,-1.0000000000
-1.0000000000,-1.3172344229,1.3626739086,-1.0000000000
-1.0000000000,-2.6454200887,1.1327447837,-1.0000000000
-1.0000000000,-2.5008826235,1.0293961505,-1.0000000000
-1.0000000000,-1.1704087797,2.1908794047,-1.0000000000
-1.0000000000,-2.7176390537,0.1417735011,-1.0000000000
-1.0000000000,-2.1805985331,3.1204717565,-1.0000000000
-1.0000000000,-1.8240266597,3.9808979047,-1.0000000000
-1.0000000000,-2.7582016529,2.9136528891,-1.0000000000
-1.0000000000,-1.2825891179,2.7207877312,-1.0000000000
-1.0000000000,-2.6206723974,3.7497523696,-1.0000000000
-1.0000000000,-2.4829581108,1.4613681191,-1.0000000000
-1.0000000000,-2.1938530645,3.8807473862,-1.0000000000
-1.0000000000,-1.5619164095,1.9849745689,-1.0000000000
-1.0000000000,-1.0450997983,3.1996369784,-1.0000000000
-1.0000000000,-1.3030236753,0.2618868335,-1.0000000000
-1.0000000000,-2.2644097274,0.1679430112,-1.0000000000
-1.0000000000,-1.1214905561,0.8112573863,-1.0000000000
-1.0000000000,-1.2586789973,2.4196426539,-1.0000000000
-1.0000000000,-1.9809366701,3.5139122282,-1.0000000000
-1.0000000000,-1.5340914589,1.2937223568,-1.0000000000
-1.0000000000,-1.0046078562,2.0506251927,-1.0000000000
-1.0000000000,-2.8192903593,0.9534102773,-1.0000000000
-1.0000000000,-1.1088170433,2.2089707010,-1.0000000000
-1.0000000000,-2.8412939036,1.1206129766,-1.0000000000
-1.0000000000,-2.0110660665,2.0667971245,-1.0000000000
-1.0000000000,-1.4214862788,0.1243541985,-1.0000000000
-1.0000000000,-2.8570525504,2.0071945172,-1.0000000000
-1.0000000000,-2.6844569616,0.4121145440,-1.0000000000
-1.0000000000,-1.1972877221,0.5128319710,-1.0000000000
-1.0000000000,-1.3859891589,2.0053637511,-1.0000000000
-1.0000000000,-1.1086470685,3.8646071703,-1.0000000000
-1.0000000000,-1.4749248167,1.7984649739,-1.0000000000
-1.0000000000,-1.8880769789,1.5707923438,-1.0000000000
-1.0000000000,-2.9564797698,1.4862477816,-1.0000000000
-1.0000000000,-2.4602662028,1.3567908228,-1.0000000000
-1.0000000000,-1.1075880509,3.5873248610,-1.0000000000
-1.0000000000,-2.2557142009,0.1906575456,-1.0000000000
-1.0000000000,-2.2776371924,3.2857035570,-1.0000000000
-1.0000000000,-2.9718732221,1.2404875173,-1.0000000000
-1.0000000000,-2.1865438158,0.4878995658,-1.0000000000
-1.0000000000,-2.5760424543,2.6944777369,-1.0000000000
-1.0000000000,-1.1688419639,1.8125641816,-1.0000000000
-1.0000000000,-2.4717552063,1.2730922055,-1.0000000000
-1.0000000000,-1.3450770849,2.5614424627,-1.0000000000
-1.0000000000,-1.6678523720,2.8324071648,-1.0000000000
-1.0000000000,-1.4458197405,0.6471822492,-1.0000000000
-1.0000000000,-2.4537145943,0.0558263052,-1.0000000000
-1.0000000000,-2.3207356036,3.1860342617,-1.0000000000
-1.0000000000,-1.9715080572,0.1187664133,-1.0000000000
-1.0000000000,-1.4133421425,3.4361441380,-1.0000000000
-1.0000000000,-1.2181770501,3.0918034626,-1.0000000000
-1.0000000000,-2.5225839618,2.4899784147,-1.0000000000
-1.0000000000,-1.3630529004,3.7067308476,-1.0000000000
-1.0000000000,-1.2939952808,0.9235572441,-1.0000000000
-1.0000000000,-1.0435772211,1.1862324854,-1.0000000000
-1.0000000000,-1.2267518583,0.8386892348,-1.0000000000
-1.0000000000,-1.3753833935,2.6609165875,-1.0000000000
-1.0000000000,-1.5829685042,2.7679972380,-1.0000000000
-1.0000000000,-2.0971303529,2.5317105648,-1.0000000000
-1.0000000000,-1.5394533261,1.0944302624,-1.0000000000
-1.0000000000,-1.2093944173,2.7961406327,-1.0000000000
-1.0000000000,-2.8131708169,0.0695363583,-1.0000000000
-1.0000000000,-1.7251573409,2.3662638428,-1.0000000000
-1.0000000000,-1.5289356948,2.6641120458,-1.0000000000
-1.0000000000,-2.2089963047,3.0008648876,-1.0000000000
-1.0000000000,-2.0567023166,3.2025748533,-1.0000000000
-1.0000000000,-2.7028169542,0.1949531789,-1.0000000000
-1.0000000000,-1.5041960021,2.8025543834,-1.0000000000
-1.0000000000,-2.7521073243,1.7631326067,-1.0000000000
-1.0000000000,-1.6877843995,2.1568068213,-1.0000000000
-1.0000000000,-1.2963513528,3.8275318149,-1.0000000000
-1.0000000000,-1.5375947452,3.1793683659,-1.0000000000
-1.0000000000,-2.1347833844,0.9085146573,-1.0000000000
-1.0000000000,-1.9662764845,1.3696581693,-1.0000000000
-1.0000000000,-1.2719918437,1.9281547690,-1.0000000000
-1.0000000000,-1.3091652712,2.9716872861,-1.0000000000
-1.0000000000,-2.7868131861,2.3051128590,-1.0000000000
-1.0000000000,-2.1431022437,2.4167752951,-1.0000000000
-1.0000000000,-2.6645848043,1.0726924416,-1.0000000000
-1.0000000000,-1.1774311315,0.3048331008,-1.0000000000
-1.0000000000,-1.6702589346,2.5623041026,-1.0000000000
-1.0000000000,-2.9424224209,1.8407939608,-1.0000000000
-1.0000000000,-2.5030259931,1.7625951640,-1.0000000000
-1.0000000000,-2.3157159920,1.8852654078,-1.0000000000
-1.0000000000,-1.1821417408,1.9889848776,-1.0000000000
-1.0000000000,-1.4314437221,-1.5724717321,1.0000000000
-1.0000000000,-1.2781709892,-3.8525654968,1.0000000000
-1.0000000000,-1.9207824380,-1.3635115446,1.0000000000
-1.0000000000,-2.4530637273,-3.0612532563,1.0000000000
-1.0000000000,-1.0514360679,-0.1593672171,1.0000000000
-1.0000000000,-1.2967906934,-1.2358071137,1.0000000000
-1.0000000000,-1.9014219714,-1.8792503856,1.0000000000
-1.0000000000,-1.9104481503,-1.3135887148,1.0000000000
-1.0000000000,-1.7609977705,-2.2087642816,1.0000000000
-1.0000000000,-2.0568711968,-0.6426649200,1.0000000000
-1.0000000000,-1.0374547473,-1.0413036440,1.0000000000
-1.0000000000,-1.9462396140,-3.9515340890,1.0000000000
-1.0000000000,-1.5654726311,-2.4003001757,1.0000000000
-1.0000000000,-1.3533575567,-1.0203142469,1.0000000000
-1.0000000000,-2.6986029710,-3.4353339577,1.0000000000
-1.0000000000,-1.7705514510,-1.9559681848,1.0000000000
-1.0000000000,-1.0875656856,-0.3134825084,1.0000000000
-1.0000000000,-1.7866807817,-0.2265809621,1.0000000000
-1.0000000000,-1.8325681207,-0.5606048991,1.0000000000
-1.0000000000,-1.8179063052,-3.8123079455,1.0000000000
-1.0000000000,-2.3447110650,-3.4249629576,1.0000000000
-1.0000000000,-1.2090481925,-2.6094509138,1.0000000000
-1.0000000000,-2.8101359581,-2.8827653872,1.0000000000
-1.0000000000,-1.4815564457,-0.8467819987,1.0000000000
-1.0000000000,-2.6257847604,-0.6291794195,1.0000000000
-1.0000000000,-2.2165046056,-0.1915750769,1.0000000000
-1.0000000000,-1.1218429735,-0.9337496682,1.0000000000
-1.0000000000,-1.1759670148,-1.8495098262,1.0000000000
-1.0000000000,-2.4260450372,-1.7260798510,1.0000000000
-1.0000000000,-1.1858782846,-3.5055517636,1.0000000000
-1.0000000000,-1.8213156234,-3.5760156304,1.0000000000
-1.0000000000,-2.3558342063,-0.7884487601,1.0000000000
-1.0000000000,-1.0387277195,-0.8090396187,1.0000000000
-1.0000000000,-2.0013579723,-2.0025586044,1.0000000000
-1.0000000000,-2.7440617979,-2.5190132369,1.0000000000
-1.0000000000,-2.7458488826,-2.6119652388,1.0000000000
-1.0000000000,-2.5343413556,-3.8729024681,1.0000000000
-1.0000000000,-1.9278130031,-1.0990187932,1.0000000000
-1.0000000000,-2.7242109661,-1.0583189022,1.0000000000
-1.0000000000,-1.2402162943,-2.2720045928,1.0000000000
-1.0000000000,-1.3941818655,-1.7583963442,1.0000000000
-1.0000000000,-1.7770020725,-0.3334744766,1.0000000000
-1.0000000000,-1.9114876980,-1.8373501068,1.0000000000
-1.0000000000,-2.3241434577,-1.6953051391,1.0000000000
-1.0000000000,-1.5522371762,-1.4662003989,1.0000000000
-1.0000000000,-1.8585073399,-3.2171310563,1.0000000000
-1.0000000000,-1.0833936892,-2.2540725050,1.0000000000
-1.0000000000,-1.8901343430,-1.2952588339,1.0000000000
-1.0000000000,-1.0872409755,-2.5002245010,1.0000000000
-1.0000000000,-2.3571251029,-3.5268483547,1.0000000000
-1.0000000000,-1.5410873732,-2.1019495965,1.0000000000
-1.0000000000,-2.3651404801,-2.8390709035,1.0000000000
-1.0000000000,-2.2167323234,-3.6601953196,1.0000000000
-1.0000000000,-1.0059295807,-2.7534206785,1.0000000000
-1.0000000000,-2.9918895297,-0.5836266506,1.0000000000
-1.0000000000,-1.7063417778,-1.5336279719,1.0000000000
-1.0000000000,-1.0886617223,-0.8857909910,1.0000000000
-1.0000000000,-2.1116689156,-2.3978633906,1.0000000000
-1.0000000000,-1.5094015635,-2.6488807850,1.0000000000
-1.0000000000,-1.4795722610,-1.3798115209,1.0000000000
-1.0000000000,-1.3583334520,-0.3016682682,1.0000000000
-1.0000000000,-1.9101583246,-2.4437356479,1.0000000000
-1.0000000000,-2.8240416642,-2.0397824065,1.0000000000
-1.0000000000,-2.4592039009,-0.4611013602,1.0000000000
-1.0000000000,-1.7860970627,-2.7768354945,1.0000000000
-1.0000000000,-1.9321261445,-3.4296676801,1.0000000000
-1.0000000000,-2.8364247543,-0.8621672712,1.0000000000
-1.0000000000,-2.7328281591,-1.5133005552,1.0000000000
-1.0000000000,-1.1887612245,-2.8656720813,1.0000000000
-1.0000000000,-2.1275121339,-0.7764813723,1.0000000000
-1.0000000000,-2.3442808699,-0.8876896387,1.0000000000
-1.0000000000,-1.4769740979,-3.9037731919,1.0000000000
-1.0000000000,-1.2289918202,-3.4764759096,1.0000000000
-1.0000000000,-1.2438587831,-3.4902962974,1.0000000000
-1.0000000000,-1.2577793079,-0.3019755353,1.0000000000
-1.0000000000,-2.1984229066,-2.4655198222,1.0000000000
-1.0000000000,-2.6923254665,-3.9981211981,1.0000000000
-1.0000000000,-1.8849063957,-2.8172454445,1.0000000000
-1.0000000000,-2.1125605130,-1.9840032787,1.0000000000
-1.0000000000,-1.1665685353,-1.0970167855,1.0000000000
-1.0000000000,-2.8699767990,-1.8348217401,1.0000000000
-1.0000000000,-1.1378444121,-1.8272716876,1.0000000000
-1.0000000000,-1.5658213173,-0.5196558511,1.0000000000
-1.0000000000,-2.4578287034,-3.4093531872,1.0000000000
-1.0000000000,-2.9419807789,-2.9164637473,1.0000000000
-1.0000000000,-2.7065168917,-2.7206665893,1.0000000000
-1.0000000000,-2.3455047279,-3.3118187123,1.0000000000
-1.0000000000,-1.8525331393,-2.6511586761,1.0000000000
-1.0000000000,-1.0041140848,-0.5691757096,1.0000000000
-1.0000000000,-1.8236834962,-2.4716789700,1.0000000000
-1.0000000000,-1.7485230545,-1.9756981086,1.0000000000
-1.0000000000,-2.2075452731,-2.3255900667,1.0000000000
-1.0000000000,-1.0219904043,-3.4104442007,1.0000000000
-1.0000000000,-2.9980748149,-1.5398056890,1.0000000000
-1.0000000000,-2.4872198581,-0.2372066351,1.0000000000
-1.0000000000,-2.7733304097,-2.4128792349,1.0000000000
-1.0000000000,-1.9919213347,-0.5049173311,1.0000000000
-1.0000000000,-1.1070218162,-3.8671622488,1.0000000000
-1.0000000000,-1.3982559172,-2.2605631508,1.0000000000
-1.0000000000,-2.0254071147,-1.1925089843,1.0000000000
-1.0000000000,-1.1509948754,-0.8658516105,-1.0000000000
-1.0000000000,-1.0738257527,-3.2270253055,-1.0000000000
-1.0000000000,-2.5885306531,-0.6801364733,-1.0000000000
-1.0000000000,-2.4104009047,-1.2336043985,-1.0000000000
-1.0000000000,-2.7447864290,-0.3645632049,-1.0000000000
-1.0000000000,-2.7669601513,-1.0110169362,-1.0000000000
-1.0000000000,-2.1112932138,-3.9088622084,-1.0000000000
-1.0000000000,-2.0378845059,-0.7207910614,-1.0000000000
-1.0000000000,-1.0258829893,-2.9598485723,-1.0000000000
-1.0000000000,-2.8693841611,-3.7878800337,-1.0000000000
-1.0000000000,-1.4688551474,-0.7183031729,-1.0000000000
-1.0000000000,-1.0693653941,-0.4802234652,-1.0000000000
-1.0000000000,-2.9646072181,-3.7672324142,-1.0000000000
-1.0000000000,-1.8106846521,-3.1769323622,-1.0000000000
-1.0000000000,-1.0905563467,-1.5686960110,-1.0000000000
-1.0000000000,-2.3355955728,-0.3454093127,-1.0000000000
-1.0000000000,-1.0749493255,-0.6444121521,-1.0000000000
-1.0000000000,-2.3034080520,-0.7200793365,-1.0000000000
-1.0000000000,-2.6916300564,-2.1061107724,-1.0000000000
-1.0000000000,-1.0750388934,-2.2508272703,-1.0000000000
-1.0000000000,-1.2088748179,-2.7976297917,-1.0000000000
-1.0000000000,-1.4619580630,-0.2096727685,-1.0000000000
-1.0000000000,-1.1828297288,-3.9798695572,-1.0000000000
-1.0000000000,-1.7660952787,-2.0853827356,-1.0000000000
-1.0000000000,-1.5006034800,-1.3245653266,-1.0000000000
-1.0000000000,-2.1393275466,-3.0100281444,-1.0000000000
-1.0000000000,-1.6468938321,-0.7345358373,-1.0000000000
-1.0000000000,-1.4809990882,-3.2964396536,-1.0000000000
-1.0000000000,-1.7665469527,-2.1978109485,-1.0000000000
-1.0000000000,-1.5506800467,-3.3644749537,-1.0000000000
-1.0000000000,-2.8711681647,-3.1235802770,-1.0000000000
-1.0000000000,-1.4833788408,-3.8345511602,-1.0000000000
-1.0000000000,-2.0841416444,-1.2273301419,-1.0000000000
-1.0000000000,-2.0609190654,-2.7335744868,-1.0000000000
-1.0000000000,-1.7020489736,-2.6576097736,-1.0000000000
-1.0000000000,-1.7539728481,-1.5384461650,-1.0000000000
-1.0000000000,-1.2119018300,-0.0676086931,-1.0000000000
-1.0000000000,-1.7609252051,-2.6215278362,-1.0000000000
-1.0000000000,-2.5335436323,-1.2102275166,-1.0000000000
-1.0000000000,-1.9125967770,-2.4684629306,-1.0000000000
-1.0000000000,-2.1459065764,-2.2201610038,-1.0000000000
-1.0000000000,-2.1667407913,-2.0728184166,-1.0000000000
-1.0000000000,-2.2607015139,-3.6545324601,-1.0000000000
-1.0000000000,-2.6257173537,-2.7955616937,-1.0000000000
-1.0000000000,-1.2857414082,-3.4514704790,-1.0000000000
-1.0000000000,-2.6719432160,-1.8274840409,-1.0000000000
-1.0000000000,-2.6652559004,-0.7440701359,-1.0000000000
-1.0000000000,-2.3273842036,-2.3570897650,-1.0000000000
-1.0000000000,-1.6507369345,-2.5542953199,-1.0000000000
-1.0000000000,-1.3864123900,-0.8960938905,-1.0000000000
-1.0000000000,-2.0932696910,-1.1105935496,-1.0000000000
-1.0000000000,-1.2687014680,-1.8286914588,-1.0000000000
-1.0000000000,-2.9899775056,-0.6209747131,-1.0000000000
-1.0000000000,-2.8338189363,-3.2382345848,-1.0000000000
-1.0000000000,-1.8520837277,-2.1196221789,-1.0000000000
-1.0000000000,-2.6340911781,-3.7297360321,-1.0000000000
-1.0000000000,-2.9372358439,-0.8724703181,-1.0000000000
-1.0000000000,-1.5076731787,-1.9709607620,-1.0000000000
-1.0000000000,-2.2300825327,-0.9687560829,-1.0000000000
-1.0000000000,-2.6088639213,-2.6131130455,-1.0000000000
-1.0000000000,-1.0818393498,-3.0121932434,-1.0000000000
-1.0000000000,-2.4560952223,-0.4677442153,-1.0000000000
-1.0000000000,-2.6697603994,-1.3277068442,-1.0000000000
-1.0000000000,-1.1954907115,-1.3875958406,-1.0000000000
-1.0000000000,-1.1646575424,-1.9230326818,-1.0000000000
-1.0000000000,-2.4624975882,-3.2812576572,-1.0000000000
-1.0000000000,-2.1114255144,-2.0043896676,-1.0000000000
-1.0000000000,-1.4008258497,-1.3503133028,-1.0000000000
-1.0000000000,-2.7842008100,-3.0381809275,-1.0000000000
-1.0000000000,-1.8001586479,-2.5000237678,-1.0000000000
-1.0000000000,-1.7101224475,-3.1446818993,-1.0000000000
-1.0000000000,-2.8472224931,-0.3665849678,-1.0000000000
-1.0000000000,-2.8935673812,-0.9418810653,-1.0000000000
-1.0000000000,-1.3360354699,-2.9105112015,-1.0000000000
-1.0000000000,-2.2826284209,-2.2289294664,-1.0000000000
-1.0000000000,-1.1970525591,-2.3115523509,-1.0000000000
-1.0000000000,-1.3589867975,-1.9416489829,-1.0000000000
-1.0000000000,-1.1963900005,-2.8136081145,-1.0000000000
-1.0000000000,-1.8215396621,-2.1038248795,-1.0000000000
-1.0000000000,-1.1976103148,-1.7411664526,-1.0000000000
-1.0000000000,-1.9024216183,-0.9371264636,-1.0000000000
-1.0000000000,-2.2737849050,-1.9528657556,-1.0000000000
-1.0000000000,-2.7997281002,-2.2866106297,-1.0000000000
-1.0000000000,-2.2893018024,-2.6521323787,-1.0000000000
-1.0000000000,-2.8554620250,-1.8258310800,-1.0000000000
-1.0000000000,-2.3569071514,-2.0700720240,-1.0000000000
-1.0000000000,-1.7739362183,-0.2499707031,-1.0000000000
-1.0000000000,-1.5915212331,-0.6894381867,-1.0000000000
-1.0000000000,-2.4580838799,-0.5265053599,-1.0000000000
-1.0000000000,-2.7411718603,-2.2606681764,-1.0000000000
-1.0000000000,-2.8316957341,-2.1804589984,-1.0000000000
-1.0000000000,-2.0361612762,-1.9532696554,-1.0000000000
-1.0000000000,-1.6684838084,-3.9320594653,-1.0000000000
-1.0000000000,-1.6672403857,-1.5719274133,-1.0000000000
-1.0000000000,-2.6165535766,-3.7838742708,-1.0000000000
-1.0000000000,-1.6890383561,-2.4675036729,-1.0000000000
-1.0000000000,-1.7592272684,-2.0532686629,-1.0000000000
-1.0000000000,-2.9031077643,-2.2767608803,-1.0000000000
-1.0000000000,-2.6689488705,-2.2306142950,-1.0000000000
-1.0000000000,-1.8010632968,-1.9469283572,-1.0000000000
1.0000000000,1.9254882996,0.1978648114,1.0000000000
1.0000000000,2.2684636059,1.4546358535,1.0000000000
1.0000000000,2.0954334807,3.6693293177,1.0000000000
1.0000000000,1.5818151413,1.9498300164,1.0000000000
1.0000000000,1.7246175564,3.9078357970,1.0000000000
1.0000000000,1.5914448567,3.1275651308,1.0000000000
1.0000000000,2.4742658861,1.6432015134,1.0000000000
1.0000000000,1.8020477798,1.6233947713,1.0000000000
1.0000000000,1.1612076054,1.9022246339,1.0000000000
1.0000000000,1.2183235382,3.8043029158,1.0000000000
1.0000000000,2.4433047156,0.7000278287,1.0000000000
1.0000000000,2.2660594885,1.5287162223,1.0000000000
1.0000000000,1.4625068710,1.1978487732,1.0000000000
1.0000000000,2.9307091581,1.8846815249,1.0000000000
1.0000000000,2.7923091749,2.9186506729,1.0000000000
1.0000000000,1.8237266683,3.5774712089,1.0000000000
1.0000000000,2.2861229020,0.9922998093,1.0000000000
1.0000000000,1.5952151231,3.4831689717,1.0000000000
1.0000000000,2.0121174510,3.9098989891,1.0000000000
1.0000000000,2.4350289341,3.7915565640,1.0000000000
1.0000000000,1.7921402724,3.8104984082,1.0000000000
1.0000000000,2.8463605118,0.5139536804,1.0000000000
1.0000000000,2.0969232255,0.1969434018,1.0000000000
1.0000000000,1.0499300946,1.0742707004,1.0000000000
1.0000000000,2.8087824076,2.0510557974,1.0000000000
1.0000000000,1.1100908721,3.0064346816,1.0000000000
1.0000000000,1.2570453479,3.2791236982,1.0000000000
1.0000000000,1.9018444014,1.5163588731,1.0000000000
1.0000000000,1.0786419294,1.7657033535,1.0000000000
1.0000000000,1.1214150116,1.2753965789,1.0000000000
1.0000000000,2.6882465572,0.9107436136,1.0000000000
1.0000000000,1.1260958540,0.3748783053,1.0000000000
1.0000000000,1.8048810208,3.5656767289,1.0000000000
1.0000000000,2.9187723124,3.2055331293,1.0000000000
1.0000000000,2.7809078520,1.9443415212,1.0000000000
1.0000000000,2.3503628699,3.4425983623,1.0000000000
1.0000000000,2.7248185072,3.1448137541,1.0000000000
1.0000000000,1.8930686252,0.6511087903,1.0000000000
1.0000000000,2.4914054334,3.1746123926,1.0000000000
1.0000000000,1.2575322649,3.8780446671,1.0000000000
1.0000000000,1.2442248532,3.9614312543,1.0000000000
1.0000000000,1.3931148186,3.8700788922,1.0000000000
1.0000000000,1.4885304947,1.4689022480,1.0000000000
1.0000000000,1.4537845296,0.1517818777,1.0000000000
1.0000000000,2.2914880382,2.3565606789,1.0000000000
1.0000000000,1.7587518221,3.4520994076,1.0000000000
1.0000000000,1.6914989623,1.6596204391,1.0000000000
1.0000000000,2.1359705651,2.6684861151,1.0000000000
1.0000000000,1.1850611839,0.8963929974,1.0000000000
1.0000000000,1.7199714511,2.0830574737,1.0000000000
1.0000000000,1.4117482481,1.1699114256,1.0000000000
1.0000000000,2.0790337910,1.8511230338,1.0000000000
1.0000000000,1.5414743571,0.4809884825,1.0000000000
1.0000000000,1.2650622666,2.5962706860,1.0000000000
1.0000000000,1.6360070786,2.4944875878,1.0000000000
1.0000000000,2.9699869859,2.4639211247,1.0000000000
1.0000000000,2.9815365347,3.4417278094,1.0000000000
1.0000000000,1.5203535437,0.4022808518,1.0000000000
1.0000000000,2.8070742213,3.8527723271,1.0000000000
1.0000000000,2.5903460193,3.3771958456,1.0000000000
1.0000000000,1.5549447983,0.4195322728,1.0000000000
1.0000000000,1.5407806812,3.9139486328,1.0000000000
1.0000000000,2.5225190489,3.6656569562,1.0000000000
1.0000000000,2.2581188497,3.2925651547,1.0000000000
1.0000000000,1.9609625053,3.7409940520,1.0000000000
1.0000000000,1.6573885204,3.9036549707,1.0000000000
1.0000000000,1.2414002480,0.5118463537,1.0000000000
1.0000000000,1.5957134378,2.2525085036,1.0000000000
1.0000000000,2.7051527174,0.1428879841,1.0000000000
1.0000000000,1.3472450081,0.2835793411,1.0000000000
1.0000000000,2.2824437805,2.7881389587,1.0000000000
1.0000000000,2.2667795714,2.1803389913,1.0000000000
1.0000000000,2.8917386986,1.1812406027,1.0000000000
1.0000000000,2.6084012090,0.5127624545,1.0000000000
1.0000000000,1.8466046837,1.9231404320,1.0000000000
1.0000000000,2.0478082184,3.0726287238,1.0000000000
1.0000000000,2.1038276952,0.1902340015,1.0000000000
1.0000000000,2.8104839131,2.1800450544,1.0000000000
1.0000000000,2.7561415762,3.1311753892,1.0000000000
1.0000000000,1.9993315077,2.4528390088,1.0000000000
1.0000000000,2.3438951692,2.9954554552,1.0000000000
1.0000000000,1.5631566920,1.8517213574,1.0000000000
1.0000000000,1.6731547482,3.0874539518,1.0000000000
1.0000000000,1.0047170906,1.6242347537,1.0000000000
1.0000000000,1.1428054351,0.8858363955,1.0000000000
1.0000000000,1.7950393202,0.3807490714,1.0000000000
1.0000000000,1.9991166882,3.0069938412,1.0000000000
1.0000000000,1.5659670339,3.4423133137,1.0000000000
1.0000000000,1.2773108152,3.1099771548,1.0000000000
1.0000000000,2.0667754792,1.8821611098,1.0000000000
1.0000000000,1.0156285500,1.1743360329,1.0000000000
1.0000000000,1.0477447801,2.9186264154,1.0000000000
1.0000000000,1.5620063089,0.8795577428,1.0000000000
1.0000000000,1.9612586063,3.4877256133,1.0000000000
1.0000000000,2.2494379743,3.6583497151,1.0000000000
1.0000000000,2.7366329932,1.7130633396,1.0000000000
1.0000000000,1.8276059929,0.5856787913,1.0000000000
1.0000000000,1.2585593087,0.8922169097,1.0000000000
1.0000000000,2.2064963058,0.6165146774,1.0000000000
1.0000000000,2.0805750883,3.0963789796,1.0000000000
1.0000000000,1.9868272909,3.8115690125,-1.0000000000
1.0000000000,2.1424656517,3.6542431954,-1.0000000000
1.0000000000,2.8967046453,3.2347975402,-1.0000000000
1.0000000000,1.7968930390,1.4841851887,-1.0000000000
1.0000000000,1.3418219668,0.1438472356,-1.0000000000
1.0000000000,2.5615039693,3.4069533890,-1.0000000000
1.0000000000,2.1205599062,2.8807237257,-1.0000000000
1.0000000000,1.3881244431,3.4311170857,-1.0000000000
1.0000000000,1.5163090447,0.4463741060,-1.0000000000
1.0000000000,2.9909689605,3.5271444976,-1.0000000000
1.0000000000,1.0951294087,3.0541270104,-1.0000000000
1.0000000000,1.7933501107,1.6528234762,-1.0000000000
1.0000000000,2.8259107492,2.9208134124,-1.0000000000
1.0000000000,2.4406226917,3.3622325187,-1.0000000000
1.0000000000,2.7445990629,1.6214307921,-1.0000000000
1.0000000000,1.7467876351,3.8700203670,-1.0000000000
1.0000000000,1.5896726652,3.0812903201,-1.0000000000
1.0000000000,1.7790090744,3.8639101813,-1.0000000000
1.0000000000,1.5707925382,0.1804824931,-1.0000000000
1.0000000000,1.7858147116,1.7709882361,-1.0000000000
1.0000000000,1.6936161723,0.1212566291,-1.0000000000
1.0000000000,2.6745778969,2.3544048348,-1.0000000000
1.0000000000,2.7650633558,1.8551239813,-1.0000000000
1.0000000000,2.9990019148,1.9431189471,-1.0000000000
1.0000000000,1.9912235519,0.7212933847,-1.0000000000
1.0000000000,1.9332280756,0.7704676305,-1.0000000000
1.0000000000,2.8702401708,3.7174962141,-1.0000000000
1.0000000000,1.8499277461,0.7894798733,-1.0000000000
1.0000000000,1.4903113580,3.7680022434,-1.0000000000
1.0000000000,2.4962708553,3.2027026749,-1.0000000000
1.0000000000,1.5236958235,2.8158671634,-1.0000000000
1.0000000000,1.2949440367,0.5908793898,-1.0000000000
1.0000000000,1.1208733594,2.1729588495,-1.0000000000
1.0000000000,2.3121887883,0.2649381808,-1.0000000000
1.0000000000,2.8170310084,1.1529249238,-1.0000000000
1.0000000000,2.8992921238,1.9732512005,-1.0000000000
1.0000000000,1.9273064252,3.5061941805,-1.0000000000
1.0000000000,2.3818363368,3.7978234965,-1.0000000000
1.0000000000,1.8370335085,2.8766811294,-1.0000000000
1.0000000000,2.5909699050,1.9052070412,-1.0000000000
1.0000000000,1.2953210715,0.9018596534,-1.0000000000
1.0000000000,2.5084782603,3.8571269938,-1.0000000000
1.0000000000,1.6156785311,0.8477271448,-1.0000000000
1.0000000000,1.1812274486,1.7603043444,-1.0000000000
1.0000000000,2.0186607817,0.9096203502,-1.0000000000
1.0000000000,1.0005025923,3.5358353663,-1.0000000000
1.0000000000,2.4202265907,0.4438546250,-1.0000000000
1.0000000000,1.0267828838,2.2790540665,-1.0000000000
1.0000000000,1.3931236555,1.9010255518,-1.0000000000
1.0000000000,1.1847050318,1.4927078650,-1.0000000000
1.0000000000,2.4245755750,1.0306744271,-1.0000000000
1.0000000000,2.1522310301,0.8383045064,-1.0000000000
1.0000000000,2.5322704070,3.1988725248,-1.0000000000
1.0000000000,1.1932903365,2.9745856321,-1.0000000000
1.0000000000,1.1322316673,2.9408134171,-1.0000000000
1.0000000000,2.8991131516,1.0442428188,-1.0000000000
1.0000000000,2.4435991223,2.9181540935,-1.0000000000
1.0000000000,2.9163637679,1.9602013167,-1.0000000000
1.0000000000,2.7509104693,0.2676692924,-1.0000000000
1.0000000000,1.9691998998,1.6148322456,-1.0000000000
1.0000000000,1.1215317630,1.5408060200,-1.0000000000
1.0000000000,2.1247036007,1.9403248081,-1.0000000000
1.0000000000,2.1408991142,1.6558673161,-1.0000000000
1.0000000000,1.5914533242,2.2574125556,-1.0000000000
1.0000000000,1.5593795463,3.5808319841,-1.0000000000
1.0000000000,2.0740014866,1.5604760856,-1.0000000000
1.0000000000,1.3404942063,3.2182100957,-1.0000000000
1.0000000000,1.9630360248,0.7280554890,-1.0000000000
1.0000000000,1.2117004368,1.4378767699,-1.0000000000
1.0000000000,2.9966002393,2.6759607196,-1.0000000000
1.0000000000,1.6001041425,0.0356032228,-1.0000000000
1.0000000000,1.2522745693,2.9160362095,-1.0000000000
1.0000000000,1.6897371505,3.8812522588,-1.0000000000
1.0000000000,1.6898669081,1.1430288014,-1.0000000000
1.0000000000,2.3871311378,0.9567624110,-1.0000000000
1.0000000000,1.2716189865,3.1526982854,-1.0000000000
1.0000000000,1.2465539811,2.2448388346,-1.0000000000
1.0000000000,1.4855240919,0.3499430167,-1.0000000000
1.0000000000,2.3464464366,1.6835785662,-1.0000000000
1.0000000000,2.7993245020,3.5253156013,-1.0000000000
1.0000000000,1.7451588190,0.1545290515,-1.0000000000
1.0000000000,2.3175113886,3.8680996135,-1.0000000000
1.0000000000,2.3404267287,2.0817500635,-1.0000000000
1.0000000000,2.3615440789,0.9466747739,-1.0000000000
1.0000000000,2.8692284671,2.6424509025,-1.0000000000
1.0000000000,1.5872430646,0.8510216052,-1.0000000000
1.0000000000,2.8582916095,1.3338048094,-1.0000000000
1.0000000000,2.4363385904,1.5004487382,-1.0000000000
1.0000000000,2.9415618775,3.7318533546,-1.0000000000
1.0000000000,2.6914924811,1.4710608568,-1.0000000000
1.0000000000,2.8955162755,3.0518320748,-1.0000000000
1.0000000000,2.1834926404,0.6470040609,-1.0000000000
1.0000000000,2.4694217163,1.1467363800,-1.0000000000
1.0000000000,1.7673314315,1.2093272615,-1.0000000000
1.0000000000,1.9022436514,3.4716297049,-1.0000000000
1.0000000000,2.6902623460,3.0869899562,-1.0000000000
1.0000000000,1.6176983638,3.1224460521,-1.0000000000
1.0000000000,2.5000917024,2.6369953007,-1.0000000000
1.0000000000,1.8337859942,1.1050055419,-1.0000000000
1.0000000000,2.2772497793,2.7806305946,-1.0000000000
1.0000000000,1.3995345389,-2.0500434311,1.0000000000
1.0000000000,2.4868070956,-1.0168350677,1.0000000000
1.0000000000,2.2090597919,-0.0499592929,1.0000000000
1.0000000000,2.5799846821,-0.2978330112,1.0000000000
1.0000000000,2.3411797953,-0.3699332787,1.0000000000
1.0000000000,1.3365837718,-0.0913871362,1.0000000000
1.0000000000,1.5903301822,-2.1477166615,1.0000000000
1.0000000000,1.7028259950,-3.2024085457,1.0000000000
1.0000000000,2.6289089604,-0.6837293609,1.0000000000
1.0000000000,2.3531676253,-2.0121658776,1.0000000000
1.0000000000,1.9936166649,-3.7572318716,1.0000000000
1.0000000000,1.7892457612,-1.4244967122,1.0000000000
1.0000000000,1.6797984366,-0.6280466365,1.0000000000
1.0000000000,2.7705884373,-0.7916496105,1.0000000000
1.0000000000,1.3425455371,-0.0827147095,1.0000000000
1.0000000000,1.7647539427,-0.8841887397,1.0000000000
1.0000000000,2.3844652635,-2.0523707656,1.0000000000
1.0000000000,1.4350454929,-0.1491517005,1.0000000000
1.0000000000,1.8303667992,-1.7021120859,1.0000000000
1.0000000000,1.2581070676,-1.8611745618,1.0000000000
1.0000000000,2.8004783939,-2.8968381495,1.0000000000
1.0000000000,2.5727343433,-2.0614036895,1.0000000000
1.0000000000,1.0889546501,-0.9253732486,1.0000000000
1.0000000000,2.1059192068,-1.3477136957,1.0000000000
1.0000000000,2.0030823102,-1.7512524587,1.0000000000
1.0000000000,1.3921660067,-2.6281539872,1.0000000000
1.0000000000,1.1427484547,-3.1322303950,1.0000000000
1.0000000000,1.3657743753,-2.3526249626,1.0000000000
1.0000000000,2.6223440148,-0.5895804743,1.0000000000
1.0000000000,2.6316840976,-0.9020215058,1.0000000000
1.0000000000,1.2230180041,-2.5253667088,1.0000000000
1.0000000000,2.9624249144,-3.0329773829,1.0000000000
1.0000000000,2.8131233767,-2.8601366577,1.0000000000
1.0000000000,2.7412153295,-2.2648105157,1.0000000000
1.0000000000,2.7073394254,-2.1834318355,1.0000000000
1.0000000000,2.3464269600,-1.5438117473,1.0000000000
1.0000000000,2.4427740862,-1.9898777103,1.0000000000
1.0000000000,2.3130156989,-2.1528179653,1.0000000000
1.0000000000,1.0100644878,-3.3536643559,1.0000000000
1.0000000000,2.4772112937,-2.0021852881,1.0000000000
1.0000000000,1.9217204567,-1.1781199103,1.0000000000
1.0000000000,2.4055810657,-0.1963254763,1.0000000000
1.0000000000,2.4536388403,-1.9662013923,1.0000000000
1.0000000000,1.2789306487,-0.0704035159,1.0000000000
1.0000000000,2.4701393111,-0.0805470753,1.0000000000
1.0000000000,2.7274009822,-3.6670893518,1.0000000000
1.0000000000,2.0113083462,-2.4386504663,1.0000000000
1.0000000000,2.6731005503,-3.4741684904,1.0000000000
1.0000000000,1.3148953621,-3.9686717635,1.0000000000
1.0000000000,1.2598239573,-3.9129096092,1.0000000000
1.0000000000,1.3975855358,-0.0947267709,1.0000000000
1.0000000000,1.4829547018,-3.8910726202,1.0000000000
1.0000000000,1.9870188884,-2.1747288294,1.0000000000
1.0000000000,2.3428756587,-0.5155321974,1.0000000000
1.0000000000,2.1381938912,-2.5810797337,1.0000000000
1.0000000000,2.0749576507,-2.8563358938,1.0000000000
1.0000000000,1.9841031525,-0.0252627322,1.0000000000
1.0000000000,2.9906448606,-3.2279348298,1.0000000000
1.0000000000,1.6116727999,-1.9893400532,1.0000000000
1.0000000000,2.0411162252,-0.7524771257,1.0000000000
1.0000000000,1.9045319306,-3.7424507089,1.0000000000
1.0000000000,2.9618519082,-2.3157970597,1.0000000000
1.0000000000,2.3646824391,-2.5793388155,1.0000000000
1.0000000000,2.1594380859,-0.3762913702,1.0000000000
1.0000000000,1.6367294839,-2.8935632253,1.0000000000
1.0000000000,1.5218226031,-2.8710569267,1.0000000000
1.0000000000,1.6406645044,-0.6235981099,1.0000000000
1.0000000000,1.8224511699,-1.3371684549,1.0000000000
1.0000000000,2.2576792183,-2.8065721138,1.0000000000
1.0000000000,1.6030681127,-0.9813659675,1.0000000000
1.0000000000,2.6283890702,-2.9041388589,1.0000000000
1.0000000000,2.0831537385,-0.2470581142,1.0000000000
1.0000000000,2.0702484533,-0.7839780118,1.0000000000
1.0000000000,1.1764451035,-0.9044317742,1.0000000000
1.0000000000,2.2307427135,-2.7657592808,1.0000000000
1.0000000000,2.9613105956,-3.3765364887,1.0000000000
1.0000000000,1.6296937251,-3.1049222032,1.0000000000
1.0000000000,2.3213113361,-2.3911015762,1.0000000000
1.0000000000,2.4579375143,-0.3685514530,1.0000000000
1.0000000000,1.1018673966,-3.6785794662,1.0000000000
1.0000000000,1.1713164308,-1.1891867747,1.0000000000
1.0000000000,2.2465004207,-1.2264373773,1.0000000000
1.0000000000,1.5093512806,-3.9226073951,1.0000000000
1.0000000000,1.6579140874,-1.1777910415,1.0000000000
1.0000000000,1.8055787545,-0.9104003980,1.0000000000
1.0000000000,2.3908919869,-1.2299415944,1.0000000000
1.0000000000,2.7518422995,-3.2271820762,1.0000000000
1.0000000000,2.6666830233,-2.2944519175,1.0000000000
1.0000000000,1.6637170580,-2.6969607654,1.0000000000
1.0000000000,2.4154543960,-2.4293027251,1.0000000000
1.0000000000,2.1835013235,-2.5718408699,1.0000000000
1.0000000000,2.9042229681,-3.1298768528,1.0000000000
1.0000000000,1.5657497626,-3.4492062755,1.0000000000
1.0000000000,2.1819727070,-1.2100416085,1.0000000000
1.0000000000,2.0066229064,-3.3362175138,1.0000000000
1.0000000000,1.4088285990,-3.4611490810,1.0000000000
1.0000000000,2.0313707272,-0.5806396491,1.0000000000
1.0000000000,1.3464671528,-1.0647342070,1.0000000000
1.0000000000,2.3563929772,-0.8298906333,1.0000000000
1.0000000000,2.1338870205,-0.0253516078,1.0000000000
1.0000000000,1.8494754872,-2.7948501003,-1.0000000000
1.0000000000,1.3090486412,-1.2199664837,-1.0000000000
1.0000000000,2.0491792308,-3.0114739891,-1.0000000000
1.0000000000,1.2748373714,-0.9508104199,-1.0000000000
1.0000000000,1.2794945588,-0.4847875162,-1.0000000000
1.0000000000,2.7716955394,-1.2742744597,-1.0000000000
1.0000000000,2.4850276974,-2.0147611767,-1.0000000000
1.0000000000,1.5037150435,-1.3049701947,-1.0000000000
1.0000000000,2.1996851064,-1.2307408124,-1.0000000000
1.0000000000,1.3042689107,-1.4444217264,-1.0000000000
1.0000000000,2.5387935068,-2.3080943063,-1.0000000000
1.0000000000,1.4927357447,-2.8045108166,-1.0000000000
1.0000000000,2.7568035019,-0.6677754778,-1.0000000000
1.0000000000,2.1056407413,-1.5942221552,-1.0000000000
1.0000000000,1.7990511899,-0.7788171352,-1.0000000000
1.0000000000,2.6604992836,-3.8710009039,-1.0000000000
1.0000000000,1.1438978172,-1.6417577799,-1.0000000000
1.0000000000,2.8985313641,-0.0630656957,-1.0000000000
1.0000000000,2.2612489674,-3.8396403451,-1.0000000000
1.0000000000,1.3077741605,-1.0911640959,-1.0000000000
1.0000000000,2.5044600346,-2.9894023101,-1.0000000000
1.0000000000,2.3852968633,-1.9477774179,-1.0000000000
1.0000000000,2.8752400577,-1.9990227604,-1.0000000000
1.0000000000,1.6590409181,-2.3595865332,-1.0000000000
1.0000000000,1.1202207562,-2.4317857551,-1.0000000000
1.0000000000,2.3143156187,-1.5557542332,-1.0000000000
1.0000000000,1.8924176321,-3.4727174522,-1.0000000000
1.0000000000,2.2691054917,-0.0618565440,-1.0000000000
1.0000000000,1.0494238556,-1.9959243063,-1.0000000000
1.0000000000,2.8580845641,-1.1548069155,-1.0000000000
1.0000000000,1.3890026059,-2.0504893351,-1.0000000000
1.0000000000,2.8715894888,-1.9328003114,-1.0000000000
1.0000000000,2.6299629042,-0.4615343407,-1.0000000000
1.0000000000,2.3747540059,-2.0819697162,-1.0000000000
1.0000000000,1.5648346741,-3.4943445565,-1.0000000000
1.0000000000,1.3189016790,-0.1501062582,-1.0000000000
1.0000000000,2.6959279460,-2.9732585750,-1.0000000000
1.0000000000,2.7420918171,-0.2110340841,-1.0000000000
1.0000000000,1.5204265210,-3.3348388012,-1.0000000000
1.0000000000,2.1391830283,-0.7677416871,-1.0000000000
1.0000000000,1.9737346909,-1.5469416840,-1.0000000000
1.0000000000,1.0321964450,-1.6506410187,-1.0000000000
1.0000000000,2.5307068079,-0.7174072835,-1.0000000000
1.0000000000,2.2708214907,-3.1396882321,-1.0000000000
1.0000000000,1.5799461613,-1.3626619485,-1.0000000000
1.0000000000,1.9922227795,-1.8409194982,-1.0000000000
1.0000000000,2.2207458110,-3.6075015356,-1.0000000000
1.0000000000,1.1511960607,-2.6624261857,-1.0000000000
1.0000000000,1.6011371037,-3.0115134387,-1.0000000000
1.0000000000,1.8461760059,-2.2525052176,-1.0000000000
1.0000000000,2.9665727150,-2.0681488227,-1.0000000000
1.0000000000,2.9927944033,-1.1730313616,-1.0000000000
1.0000000000,1.5426102006,-3.1132496443,-1.0000000000
1.0000000000,2.2356421412,-3.5821717734,-1.0000000000
1.0000000000,1.9223653612,-2.6722388814,-1.0000000000
1.0000000000,1.2787683731,-0.5362335628,-1.0000000000
1.0000000000,2.9015035087,-1.1753307609,-1.0000000000
1.0000000000,2.7529700638,-1.0389651927,-1.0000000000
1.0000000000,1.5605005421,-0.3075145153,-1.0000000000
1.0000000000,2.3234578986,-0.3610648584,-1.0000000000
1.0000000000,1.7451865230,-2.7298422667,-1.0000000000
1.0000000000,1.3434394096,-3.7586721049,-1.0000000000
1.0000000000,2.8920235466,-2.3581663293,-1.0000000000
1.0000000000,2.1838730737,-3.9881060358,-1.0000000000
1.0000000000,2.0969772808,-2.1880576445,-1.0000000000
1.0000000000,1.2914724524,-2.6365025533,-1.0000000000
1.0000000000,2.7828818849,-0.6021126893,-1.0000000000
1.0000000000,2.6376397642,-0.7584445268,-1.0000000000
1.0000000000,2.7220306272,-1.2508960158,-1.0000000000
1.0000000000,1.6788009019,-1.9355626828,-1.0000000000
1.0000000000,1.7018362280,-0.1167924465,-1.0000000000
1.0000000000,2.3192072567,-1.9442785818,-1.0000000000
1.0000000000,1.5520842511,-3.6944606436,-1.0000000000
1.0000000000,1.3196436040,-2.6949099398,-1.0000000000
1.0000000000,1.8473636830,-1.6585294252,-1.0000000000
1.0000000000,2.0834445346,-2.6612731266,-1.0000000000
1.0000000000,2.9063312502,-2.1017559425,-1.0000000000
1.0000000000,2.2453783234,-3.3715029850,-1.0000000000
1.0000000000,2.7238844034,-2.9843705798,-1.0000000000
1.0000000000,1.8042865649,-3.4041680402,-1.0000000000
1.0000000000,1.2981447570,-2.8642461816,-1.0000000000
1.0000000000,1.0014790194,-0.1160317806,-1.0000000000
1.0000000000,2.1739048022,-2.6529260811,-1.0000000000
1.0000000000,1.4406529884,-1.4241582277,-1.0000000000
1.0000000000,2.9123803900,-3.9266986852,-1.0000000000
1.0000000000,1.9888872402,-0.6781920112,-1.0000000000
1.0000000000,1.8765496450,-0.0581964328,-1.0000000000
1.0000000000,1.4186329982,-2.0852327531,-1.0000000000
1.0000000000,1.2332531752,-2.0001725181,-1.0000000000
1.0000000000,2.6302877180,-2.5223510934,-1.0000000000
1.0000000000,2.1832904202,-2.6424535979,-1.0000000000
1.0000000000,1.9146103676,-1.3506310682,-1.0000000000
1.0000000000,1.4200658328,-3.0680202798,-1.0000000000
1.0000000000,1.6331359469,-1.0431700585,-1.0000000000
1.0000000000,2.1378139704,-3.4224212869,-1.0000000000
1.0000000000,1.8795363053,-0.6546446080,-1.0000000000
1.0000000000,2.5478997207,-0.9782646879,-1.0000000000
1.0000000000,1.6056810234,-1.4053491693,-1.0000000000
1.0000000000,1.6658527506,-3.6103388646,-1.0000000000
1.0000000000,2.9530585094,-3.3938079962,-1.0000000000
1.0000000000,-2.8314007083,3.3452955905,1.0000000000
1.0000000000,-1.2549589284,2.5656158036,1.0000000000
1.0000000000,-1.8456855987,2.5881480926,1.0000000000
1.0000000000,-1.3894923414,1.9227715299,1.0000000000
1.0000000000,-1.5052974623,0.6909253166,1.0000000000
1.0000000000,-1.2518829514,0.7653408552,1.0000000000
1.0000000000,-2.7732336595,3.2398861956,1.0000000000
1.0000000000,-2.0239879970,1.2027803664,1.0000000000
1.0000000000,-2.5096644232,3.8010599812,1.0000000000
1.0000000000,-2.7689801012,0.2471322579,1.0000000000
1.0000000000,-1.0765547367,3.5165796043,1.0000000000
1.0000000000,-1.9624949387,2.1643994548,1.0000000000
1.0000000000,-2.5082899483,0.8574684508,1.0000000000
1.0000000000,-1.1740579427,2.5598741883,1.0000000000
1.0000000000,-2.8264593016,1.0576647706,1.0000000000
1.0000000000,-2.8570003332,2.1469401215,1.0000000000
1.0000000000,-2.2451885305,0.0998688785,1.0000000000
1.0000000000,-2.5663707989,2.4390556998,1.0000000000
1.0000000000,-1.2349465156,3.0365072617,1.0000000000
1.0000000000,-2.2980216429,3.5041911707,1.0000000000
1.0000000000,-2.1027941392,2.0317252426,1.0000000000
1.0000000000,-1.8525483653,0.5071561901,1.0000000000
1.0000000000,-1.5172684202,0.3244046639,1.0000000000
1.0000000000,-1.4168171575,2.2316579200,1.0000000000
1.0000000000,-2.1858503590,1.8665576212,1.0000000000
1.0000000000,-1.7090683351,3.9980710769,1.0000000000
1.0000000000,-2.2820699765,2.3515022593,1.0000000000
1.0000000000,-1.6143838668,0.9218665212,1.0000000000
1.0000000000,-2.2230195587,3.0011783970,1.0000000000
1.0000000000,-1.2724937148,3.4017630787,1.0000000000
1.0000000000,-2.3473036230,3.9825740373,1.0000000000
1.0000000000,-2.0656312434,1.1797179047,1.0000000000
1.0000000000,-2.1715930107,0.7003991093,1.0000000000
1.0000000000,-1.9981475922,1.3995154166,1.0000000000
1.0000000000,-1.1569134060,1.0513531314,1.0000000000
1.0000000000,-1.9586698307,0.7117450213,1.0000000000
1.0000000000,-2.2117836879,3.7182196642,1.0000000000
1.0000000000,-1.2730205462,3.8827264517,1.0000000000
1.0000000000,-1.7666654592,3.8746922154,1.0000000000
1.0000000000,-2.3839011738,1.1697710217,1.0000000000
1.0000000000,-2.2436972375,3.3517852444,1.0000000000
1.0000000000,-2.8517551630,0.6510831450,1.0000000000
1.0000000000,-1.8127181097,2.9364988531,1.0000000000
1.0000000000,-1.5481109551,1.5732219041,1.0000000000
1.0000000000,-2.0163142446,2.0772718679,1.0000000000
1.0000000000,-1.9625467923,2.1708727688,1.0000000000
1.0000000000,-2.7577833696,0.1876120346,1.0000000000
1.0000000000,-2.4062896681,1.2280357042,1.0000000000
1.0000000000,-2.3831110700,3.3746487286,1.0000000000
1.0000000000,-1.5667019262,3.0424068820,1.0000000000
1.0000000000,-2.9222761464,1.2853925601,1.0000000000
1.0000000000,-2.1960936244,1.2775630970,1.0000000000
1.0000000000,-2.9129995107,2.4127212165,1.0000000000
1.0000000000,-1.7112326601,2.5329143245,1.0000000000
1.0000000000,-1.6674886160,1.5895432717,1.0000000000
1.0000000000,-2.5946686796,1.5145784753,1.0000000000
1.0000000000,-1.1416337233,0.4954606189,1.0000000000
1.0000000000,-1.6572046121,0.0869674192,1.0000000000
1.0000000000,-1.7997089889,1.9066625711,1.0000000000
1.0000000000,-1.3215088667,1.5455404965,1.0000000000
1.0000000000,-1.0622022614,1.4282053245,1.0000000000
1.0000000000,-1.5706315679,2.1935359907,1.0000000000
1.0000000000,-2.2326462813,3.3221354820,1.0000000000
1.0000000000,-1.8895264227,2.1042458309,1.0000000000
1.0000000000,-2.0684677466,1.1382425114,1.0000000000
1.0000000000,-2.5615081708,3.2483394900,1.0000000000
1.0000000000,-1.1594927816,2.3224547158,1.0000000000
1.0000000000,-1.3609493576,1.4880333185,1.0000000000
1.0000000000,-1.2379309876,1.0440050082,1.0000000000
1.0000000000,-1.6438096198,2.0657241653,1.0000000000
1.0000000000,-2.5856621986,0.5170972069,1.0000000000
1.0000000000,-2.0198628341,2.1880202553,1.0000000000
1.0000000000,-1.1786925132,1.7768189864,1.0000000000
1.0000000000,-1.5470013337,0.7074574400,1.0000000000
1.0000000000,-2.1029906060,1.2971133277,1.0000000000
1.0000000000,-1.6024056945,3.0257693556,1.0000000000
1.0000000000,-1.9475818939,2.9315045081,1.0000000000
1.0000000000,-1.3422749540,2.1173924573,1.0000000000
1.0000000000,-2.2158640293,0.1426432439,1.0000000000
1.0000000000,-1.5675145808,2.4279685063,1.0000000000
1.0000000000,-2.2467554305,2.4680819663,1.0000000000
1.0000000000,-2.2694417276,1.5056768299,1.0000000000
1.0000000000,-2.2311270435,0.0620436159,1.0000000000
1.0000000000,-1.3221989886,2.7373920165,1.0000000000
1.0000000000,-1.8131116309,2.1287179977,1.0000000000
1.0000000000,-1.3674933538,0.4713800630,1.0000000000
1.0000000000,-2.9610260160,2.5024372918,1.0000000000
1.0000000000,-2.9812273961,3.7244144955,1.0000000000
1.0000000000,-1.0755478689,2.8939477042,1.0000000000
1.0000000000,-2.8877356787,2.1706477522,1.0000000000
1.0000000000,-2.8941985445,0.7143093749,1.0000000000
1.0000000000,-1.4405339056,0.7596437245,1.0000000000
1.0000000000,-2.0741893728,0.1638975479,1.0000000000
1.0000000000,-2.9593759495,3.3081913064,1.0000000000
1.0000000000,-1.8182584352,2.4626798313,1.0000000000
1.0000000000,-2.9032889742,1.9731906597,1.0000000000
1.0000000000,-2.3621126536,2.2247660588,1.0000000000
1.0000000000,-2.1281901698,2.9673543106,1.0000000000
1.0000000000,-1.4837844070,2.8181526096,1.0000000000
1.0000000000,-2.6868066886,2.8125714702,1.0000000000
1.0000000000,-1.2496802089,0.8469789933,-1.0000000000
1.0000000000,-2.2900086017,0.8431036003,-1.0000000000
1.0000000000,-1.2019083798,1.6738016995,-1.0000000000
1.0000000000,-1.3885719333,0.4687443278,-1.0000000000
1.0000000000,-1.7350548252,3.9100149959,-1.0000000000
1.0000000000,-2.5940136031,3.4812258370,-1.0000000000
1.0000000000,-1.1597840018,2.8824511687,-1.0000000000
1.0000000000,-2.9096566505,2.9603580940,-1.0000000000
1.0000000000,-2.1267744521,3.2810121983,-1.0000000000
1.0000000000,-2.9337529407,1.5166139970,-1.0000000000
1.0000000000,-1.1290793497,2.7380058615,-1.0000000000
1.0000000000,-2.2384770055,0.7934021235,-1.0000000000
1.0000000000,-2.5760014870,2.1858491814,-1.0000000000
1.0000000000,-1.5806934401,2.8140620438,-1.0000000000
1.0000000000,-1.0774036208,1.8109163321,-1.0000000000
1.0000000000,-2.5604312721,1.3117684586,-1.0000000000
1.0000000000,-2.3300206879,3.4758070071,-1.0000000000
1.0000000000,-1.5406329672,2.4801693708,-1.0000000000
1.0000000000,-1.1416399097,2.2288677158,-1.0000000000
1.0000000000,-2.5367044591,1.3163136791,-1.0000000000
1.0000000000,-1.1976292467,0.5492895018,-1.0000000000
1.0000000000,-2.2910841766,0.4117226929,-1.0000000000
1.0000000000,-1.6453549881,3.9807232608,-1.0000000000
1.0000000000,-1.0355294459,2.9012185900,-1.0000000000
1.0000000000,-2.1596990379,0.2783435538,-1.0000000000
1.0000000000,-2.6694040234,2.8648883353,-1.0000000000
1.0000000000,-1.4751819029,1.5464631836,-1.0000000000
1.0000000000,-1.4094897210,1.9568795386,-1.0000000000
1.0000000000,-1.3526943604,1.3951661599,-1.0000000000
1.0000000000,-2.8252810695,0.6173815921,-1.0000000000
1.0000000000,-1.4354637034,1.4285774181,-1.0000000000
1.0000000000,-1.6897538968,1.4124715747,-1.0000000000
1.0000000000,-1.8221791890,1.0849423927,-1.0000000000
1.0000000000,-1.6428786062,2.9675249551,-1.0000000000
1.0000000000,-1.9118336552,0.2152483379,-1.0000000000
1.0000000000,-2.4770164548,3.7192824186,-1.0000000000
1.0000000000,-1.8617682170,3.0218464694,-1.0000000000
1.0000000000,-2.0466249865,1.3423729420,-1.0000000000
1.0000000000,-1.8617137308,2.9294165270,-1.0000000000
1.0000000000,-2.6648557519,1.1883306319,-1.0000000000
1.0000000000,-2.6576986732,0.0016571850,-1.0000000000
1.0000000000,-2.8236860762,1.5525798773,-1.0000000000
1.0000000000,-1.0955816630,3.8729563764,-1.0000000000
1.0000000000,-2.3996620632,0.0268911147,-1.0000000000
1.0000000000,-1.5609975721,0.1492128051,-1.0000000000
1.0000000000,-2.4828685466,1.3160360744,-1.0000000000
1.0000000000,-1.2340353681,2.3978588731,-1.0000000000
1.0000000000,-1.4778601895,2.4114514559,-1.0000000000
1.0000000000,-2.9140447300,3.0774308449,-1.0000000000
1.0000000000,-2.3933484734,3.2029466479,-1.0000000000
1.0000000000,-1.5653820387,0.4743406191,-1.0000000000
1.0000000000,-1.1313112428,2.6072852260,-1.0000000000
1.0000000000,-1.6578854082,0.0288577878,-1.0000000000
1.0000000000,-1.8978486512,1.3179461929,-1.0000000000
1.0000000000,-2.2191748357,2.2030572448,-1.0000000000
1.0000000000,-2.6343758944,3.4016683426,-1.0000000000
1.0000000000,-2.3519430324,1.0868057986,-1.0000000000
1.0000000000,-2.5625279828,0.6506403446,-1.0000000000
1.0000000000,-1.1706323130,1.4210923635,-1.0000000000
1.0000000000,-2.6541183884,3.0842022264,-1.0000000000
1.0000000000,-1.3850671507,1.1668871663,-1.0000000000
1.0000000000,-2.4175976946,3.4013398020,-1.0000000000
1.0000000000,-1.2525028064,2.1596567336,-1.0000000000
1.0000000000,-1.1487402049,1.8873992933,-1.0000000000
1.0000000000,-2.8859572689,0.8745078561,-1.0000000000
1.0000000000,-2.5792047196,0.0581840834,-1.0000000000
1.0000000000,-1.8779581354,2.1745211813,-1.0000000000
1.0000000000,-2.7381246930,1.5413587071,-1.0000000000
1.0000000000,-2.5438258867,3.0484189207,-1.0000000000
1.0000000000,-1.5111953119,1.4720168806,-1.0000000000
1.0000000000,-1.7518837739,1.7371844822,-1.0000000000
1.0000000000,-2.5100193365,1.4039894553,-1.0000000000
1.0000000000,-2.1691022615,3.0784139358,-1.0000000000
1.0000000000,-2.5190062933,2.7472351506,-1.0000000000
1.0000000000,-2.0326743003,2.2073257438,-1.0000000000
1.0000000000,-2.3216092504,3.6105718534,-1.0000000000
1.0000000000,-2.7465992004,2.0095003940,-1.0000000000
1.0000000000,-2.7221050553,2.5016061887,-1.0000000000
1.0000000000,-2.9544770212,0.7523258498,-1.0000000000
1.0000000000,-1.1384488640,2.7384827072,-1.0000000000
1.0000000000,-2.2529205472,3.8543805662,-1.0000000000
1.0000000000,-1.9198549259,2.4918617737,-1.0000000000
1.0000000000,-1.5510162489,3.4602873791,-1.0000000000
1.0000000000,-2.0466972648,0.3192389749,-1.0000000000
1.0000000000,-1.9144713087,3.6677478820,-1.0000000000
1.0000000000,-2.2999834472,0.5192277986,-1.0000000000
1.0000000000,-2.8986002105,1.3548246533,-1.0000000000
1.0000000000,-1.0881797308,1.5387644133,-1.0000000000
1.0000000000,-1.8638136529,3.9091308579,-1.0000000000
1.0000000000,-1.2037347993,3.4605283710,-1.0000000000
1.0000000000,-2.0237286226,1.1804204592,-1.0000000000
1.0000000000,-1.5465491549,1.4595938735,-1.0000000000
1.0000000000,-1.6376478219,2.6355064109,-1.0000000000
1.0000000000,-2.4580764322,2.2929774929,-1.0000000000
1.0000000000,-2.9407102346,2.4084581897,-1.0000000000
1.0000000000,-2.7433873759,1.5753293815,-1.0000000000
1.0000000000,-2.5955266561,2.5878655785,-1.0000000000
1.0000000000,-1.7832672765,3.6372314275,-1.0000000000
1.0000000000,-2.0001568441,2.9518593109,-1.0000000000
1.0000000000,-2.9535485627,3.7751183455,-1.0000000000
1.0000000000,-1.4475740894,-1.2514871990,1.0000000000
1.0000000000,-2.2361973195,-2.6147202445,1.0000000000
1.0000000000,-1.6078284809,-1.0368231730,1.0000000000
1.0000000000,-2.6116118749,-2.9282700085,1.0000000000
1.0000000000,-2.1108699135,-2.5713748758,1.0000000000
1.0000000000,-1.6964057015,-0.5844573711,1.0000000000
1.0000000000,-2.8717428882,-2.0162386917,1.0000000000
1.0000000000,-1.6374439435,-1.9761712401,1.0000000000
1.0000000000,-1.4159064680,-0.7127842213,1.0000000000
1.0000000000,-2.5242334708,-3.3219843278,1.0000000000
1.0000000000,-2.9839006398,-0.3087089620,1.0000000000
1.0000000000,-2.3816978846,-0.1140817536,1.0000000000
1.0000000000,-2.8531992831,-2.0878106146,1.0000000000
1.0000000000,-1.3998329527,-3.2760506374,1.0000000000
1.0000000000,-2.1286435483,-0.5473234427,1.0000000000
1.0000000000,-1.5640154474,-2.0225736566,1.0000000000
1.0000000000,-2.2108774631,-3.5433938677,1.0000000000
1.0000000000,-2.5642078882,-3.4316531542,1.0000000000
1.0000000000,-1.7029793775,-1.5326981637,1.0000000000
1.0000000000,-2.0018863714,-1.4657464224,1.0000000000
1.0000000000,-1.2077531099,-1.1272452225,1.0000000000
1.0000000000,-1.5994102204,-3.6317393760,1.0000000000
1.0000000000,-2.1096556412,-0.8887748345,1.0000000000
1.0000000000,-2.7273056543,-1.4870493102,1.0000000000
1.0000000000,-1.2132795836,-3.0636306133,1.0000000000
1.0000000000,-1.9396653235,-3.2536241297,1.0000000000
1.0000000000,-2.2961868927,-0.6019868076,1.0000000000
1.0000000000,-1.6131556256,-3.6428040898,1.0000000000
1.0000000000,-1.3420027296,-3.4523115474,1.0000000000
1.0000000000,-2.8715484368,-2.3513756482,1.0000000000
1.0000000000,-2.1946764393,-3.7381593249,1.0000000000
1.0000000000,-2.0731555601,-1.4935667806,1.0000000000
1.0000000000,-1.4367349426,-2.3865167800,1.0000000000
1.0000000000,-2.8095790383,-1.8483961980,1.0000000000
1.0000000000,-1.7218600891,-0.7974149913,1.0000000000
1.0000000000,-2.5760228648,-1.2015368108,1.0000000000
1.0000000000,-2.3516375770,-3.0694500609,1.0000000000
1.0000000000,-1.0052701405,-0.3320684165,1.0000000000
1.0000000000,-1.2396840578,-0.9261428591,1.0000000000
1.0000000000,-2.1629517985,-1.1717522408,1.0000000000
1.0000000000,-2.4451113893,-2.9845516588,1.0000000000
1.0000000000,-2.0508792106,-3.8652713824,1.0000000000
1.0000000000,-1.0918872883,-0.3270226576,1.0000000000
1.0000000000,-1.8002970250,-2.4923170755,1.0000000000
1.0000000000,-2.6896065448,-0.5652279426,1.0000000000
1.0000000000,-1.9581994268,-1.1737134739,1.0000000000
1.0000000000,-1.3868780737,-2.3832753700,1.0000000000
1.0000000000,-2.7742379200,-1.1291293543,1.0000000000
1.0000000000,-1.0529746222,-1.7982882354,1.0000000000
1.0000000000,-1.1444144429,-2.9365083446,1.0000000000
1.0000000000,-2.2369346243,-2.3571909491,1.0000000000
1.0000000000,-1.3960446341,-2.9667274663,1.0000000000
1.0000000000,-2.5655983810,-3.6375725708,1.0000000000
1.0000000000,-1.1949266830,-2.9289370106,1.0000000000
1.0000000000,-2.4821557487,-0.7875027613,1.0000000000
1.0000000000,-1.6844109523,-2.7659986997,1.0000000000
1.0000000000,-2.8243316533,-0.6394694965,1.0000000000
1.0000000000,-2.5198071122,-0.6004028903,1.0000000000
1.0000000000,-1.1321231661,-2.4714760663,1.0000000000
1.0000000000,-1.3503994594,-0.5496122278,1.0000000000
1.0000000000,-1.2027069608,-3.1894029338,1.0000000000
1.0000000000,-2.0188117338,-2.4488123689,1.0000000000
1.0000000000,-2.2788100043,-1.1424396865,1.0000000000
1.0000000000,-2.5459187787,-3.1160602499,1.0000000000
1.0000000000,-2.7460002279,-3.5412048136,1.0000000000
1.0000000000,-1.8493999186,-2.4563872667,1.0000000000
1.0000000000,-1.6760242502,-0.0263709227,1.0000000000
1.0000000000,-1.0207754191,-1.8858185158,1.0000000000
1.0000000000,-1.4299737902,-1.8013985068,1.0000000000
1.0000000000,-1.3133879896,-1.0345211754,1.0000000000
1.0000000000,-1.3476310982,-0.8544318898,1.0000000000
1.0000000000,-2.0444975226,-2.7513232304,1.0000000000
1.0000000000,-2.8352506699,-2.8579890564,1.0000000000
1.0000000000,-2.9795481919,-3.7828972547,1.0000000000
1.0000000000,-2.8432287212,-1.1882747057,1.0000000000
1.0000000000,-1.4054639971,-3.7195306937,1.0000000000
1.0000000000,-2.4212148591,-0.2921958621,1.0000000000
1.0000000000,-1.3828316885,-2.6666150340,1.0000000000
1.0000000000,-1.3698330617,-3.7824396403,1.0000000000
1.0000000000,-1.3270038301,-3.8945053591,1.0000000000
1.0000000000,-1.1374166461,-1.6516644852,1.0000000000
1.0000000000,-2.6541112886,-0.2694433877,1.0000000000
1.0000000000,-2.5921601860,-0.6449514429,1.0000000000
1.0000000000,-1.8506188507,-1.8609685267,1.0000000000
1.0000000000,-1.4852302654,-2.0194901405,1.0000000000
1.0000000000,-2.3285777492,-1.7961477613,1.0000000000
1.0000000000,-2.5028348768,-0.8010954607,1.0000000000
1.0000000000,-2.8704494532,-1.9200377497,1.0000000000
1.0000000000,-1.3626773179,-2.8896404171,1.0000000000
1.0000000000,-1.9768002419,-2.3700599663,1.0000000000
1.0000000000,-2.0770593197,-3.0671410180,1.0000000000
1.0000000000,-1.7899645851,-1.2402051320,1.0000000000
1.0000000000,-1.6784567915,-0.0306999576,1.0000000000
1.0000000000,-2.9364276745,-0.1778709205,1.0000000000
1.0000000000,-2.6175845880,-2.0451293958,1.0000000000
1.0000000000,-1.1800309678,-1.6918793837,1.0000000000
1.0000000000,-2.2664499631,-0.7204884267,1.0000000000
1.0000000000,-2.6137422679,-3.7253855248,1.0000000000
1.0000000000,-1.6495169420,-2.4657225832,1.0000000000
1.0000000000,-2.5415340711,-1.3301077959,1.0000000000
1.0000000000,-1.7508724089,-0.9531395255,-1.0000000000
1.0000000000,-2.4300894908,-2.8439543024,-1.0000000000
1.0000000000,-1.4588916269,-1.9005796981,-1.0000000000
1.0000000000,-1.7156633755,-3.2689147704,-1.0000000000
1.0000000000,-1.7749584735,-1.7510527411,-1.0000000000
1.0000000000,-1.9760400141,-3.0755917591,-1.0000000000
1.0000000000,-1.1412044684,-0.6658154512,-1.0000000000
1.0000000000,-1.6590492822,-0.9378003966,-1.0000000000
1.0000000000,-1.5400682053,-0.1665822577,-1.0000000000
1.0000000000,-2.5891728608,-1.4017583464,-1.0000000000
1.0000000000,-1.9712176711,-3.2270276036,-1.0000000000
1.0000000000,-1.4495644704,-1.1918504831,-1.0000000000
1.0000000000,-2.0048250103,-0.7491481245,-1.0000000000
1.0000000000,-1.1967835486,-3.8962069357,-1.0000000000
1.0000000000,-1.7648648147,-0.7744993706,-1.0000000000
1.0000000000,-1.4565679956,-3.4668003437,-1.0000000000
1.0000000000,-2.6022077231,-0.9760635283,-1.0000000000
1.0000000000,-1.6771850135,-2.9145140683,-1.0000000000
1.0000000000,-2.2683999547,-1.1743784624,-1.0000000000
1.0000000000,-1.9114752769,-1.9528208844,-1.0000000000
1.0000000000,-2.5497963441,-1.7760449101,-1.0000000000
1.0000000000,-1.0539869048,-2.6089729978,-1.0000000000
1.0000000000,-2.6982806589,-3.4971958199,-1.0000000000
1.0000000000,-1.6373865830,-0.2084325335,-1.0000000000
1.0000000000,-1.2846766774,-0.7000361973,-1.0000000000
1.0000000000,-1.0026839056,-3.0760600763,-1.0000000000
1.0000000000,-2.5262093550,-0.6548129925,-1.0000000000
1.0000000000,-2.4510435417,-2.4575305297,-1.0000000000
1.0000000000,-1.3140753653,-1.7068390951,-1.0000000000
1.0000000000,-1.2838410418,-2.6398251458,-1.0000000000
1.0000000000,-1.0529212845,-0.4068837650,-1.0000000000
1.0000000000,-1.6593700730,-1.8518348612,-1.0000000000
1.0000000000,-1.8853325824,-1.1650516985,-1.0000000000
1.0000000000,-1.5894349328,-0.2339185758,-1.0000000000
1.0000000000,-2.8103165647,-1.3967120503,-1.0000000000
1.0000000000,-2.0910473237,-2.9615096450,-1.0000000000
1.0000000000,-2.2989577397,-1.7660999707,-1.0000000000
1.0000000000,-1.2669016801,-2.3268818590,-1.0000000000
1.0000000000,-2.9767548179,-0.2884905582,-1.0000000000
1.0000000000,-2.4801574108,-3.3269986348,-1.0000000000
1.0000000000,-1.2660562575,-2.5150173571,-1.0000000000
1.0000000000,-2.6871378791,-3.9606522110,-1.0000000000
1.0000000000,-1.7268240150,-3.9498479080,-1.0000000000
1.0000000000,-2.4955737823,-1.2272033532,-1.0000000000
1.0000000000,-2.4495493442,-0.9693624235,-1.0000000000
1.0000000000,-2.4637097187,-3.9959100580,-1.0000000000
1.0000000000,-2.5343605966,-3.6051769978,-1.0000000000
1.0000000000,-2.3905223790,-1.4808870656,-1.0000000000
1.0000000000,-1.5331904439,-3.3651614513,-1.0000000000
1.0000000000,-2.0189265998,-2.1191832883,-1.0000000000
1.0000000000,-2.9946712788,-2.0422964592,-1.0000000000
1.0000000000,-1.8642482643,-1.2389330314,-1.0000000000
1.0000000000,-2.6774123947,-1.9952227817,-1.0000000000
1.0000000000,-2.7664202665,-2.0171146243,-1.0000000000
1.0000000000,-1.0200100497,-1.2876435803,-1.0000000000
1.0000000000,-1.1087732035,-2.2168416099,-1.0000000000
1.0000000000,-2.7262273851,-2.4231088401,-1.0000000000
1.0000000000,-2.3075991530,-0.8824859374,-1.0000000000
1.0000000000,-2.2891369210,-2.1866997379,-1.0000000000
1.0000000000,-2.9782078095,-1.0700912319,-1.0000000000
1.0000000000,-1.4426862291,-0.8277429975,-1.0000000000
1.0000000000,-1.5240584561,-2.6550540846,-1.0000000000
1.0000000000,-2.0542893377,-0.7385136651,-1.0000000000
1.0000000000,-2.2987031650,-1.5248712067,-1.0000000000
1.0000000000,-2.6657395900,-1.4146534902,-1.0000000000
1.0000000000,-2.8913974638,-3.4534460153,-1.0000000000
1.0000000000,-2.5905369911,-3.3963700785,-1.0000000000
1.0000000000,-1.3052486787,-0.3067615605,-1.0000000000
1.0000000000,-1.1291359490,-2.1314938677,-1.0000000000
1.0000000000,-2.2851602084,-3.1004676858,-1.0000000000
1.0000000000,-1.1699494833,-1.2391930365,-1.0000000000
1.0000000000,-2.7285737073,-1.3574648258,-1.0000000000
1.0000000000,-2.5937516526,-2.8055343435,-1.0000000000
1.0000000000,-2.0334473759,-0.6288954289,-1.0000000000
1.0000000000,-1.8852373761,-2.0285436436,-1.0000000000
1.0000000000,-2.3193030664,-0.9611376691,-1.0000000000
1.0000000000,-2.0451793771,-0.8329187770,-1.0000000000
1.0000000000,-1.4153709092,-2.4002667534,-1.0000000000
1.0000000000,-2.6420013443,-3.0210397760,-1.0000000000
1.0000000000,-1.2118649668,-1.2413352584,-1.0000000000
1.0000000000,-1.6492120700,-2.9120561431,-1.0000000000
1.0000000000,-2.8306735570,-2.3133978408,-1.0000000000
1.0000000000,-1.1617157826,-3.5417996981,-1.0000000000
1.0000000000,-1.7062979368,-1.9132775578,-1.0000000000
1.0000000000,-2.9078574220,-3.8375287291,-1.0000000000
1.0000000000,-2.3657787495,-0.2488501827,-1.0000000000
1.0000000000,-2.4451943522,-3.3926953286,-1.0000000000
1.0000000000,-2.5397336867,-0.8055480798,-1.0000000000
1.0000000000,-1.6968781819,-2.9474006676,-1.0000000000
1.0000000000,-1.2033818795,-2.6159536437,-1.0000000000
1.0000000000,-2.7926154695,-3.0611773207,-1.0000000000
1.0000000000,-1.5175048822,-0.5843370304,-1.0000000000
1.0000000000,-1.5329909562,-0.3721928959,-1.0000000000
1.0000000000,-2.0853295029,-3.0268109350,-1.0000000000
1.0000000000,-1.8228285569,-1.0861639553,-1.0000000000
1.0000000000,-1.0315937654,-1.9197268407,-1.0000000000
1.0000000000,-1.2316672433,-3.5535250356,-1.0000000000
1.0000000000,-2.5202864766,-3.6798904974,-1.0000000000
1.0000000000,-1.3339088421,-3.0177541677,-1.0000000000
1.0000000000,-1.0267769555,-3.7902114860,-1.0000000000
