2.9585570073,3.3704918149,1.0000000000
2.9838157859,0.5142401032,1.0000000000
1.5016553676,1.0714399844,1.0000000000
1.1194601288,3.0752303270,1.0000000000
2.5559135556,0.8614842536,1.0000000000
2.8972534176,0.9454178859,1.0000000000
2.1519173468,0.3151171494,1.0000000000
1.8041311389,3.1996729328,1.0000000000
1.2290911816,1.4629895151,1.0000000000
2.6956207786,3.8096133287,1.0000000000
2.0356617806,1.1794408570,1.0000000000
1.6034525471,3.6533482797,1.0000000000
2.0139505846,0.1710795914,1.0000000000
2.8276325939,1.2270056300,1.0000000000
2.6588218782,0.0362650960,1.0000000000
2.2686536177,0.6358100973,1.0000000000
2.2656397378,1.5674212646,1.0000000000
1.0183708154,1.5079603218,1.0000000000
1.4721514595,2.9109485592,1.0000000000
2.1132604224,1.8355898376,1.0000000000
2.2504561750,0.0246135994,1.0000000000
1.3229644819,2.9856385189,1.0000000000
1.3908733924,2.1700538579,1.0000000000
1.6959991105,0.9684184775,1.0000000000
1.6227523956,3.2191541833,1.0000000000
2.3689208469,2.5133175596,1.0000000000
1.6672268243,0.0258239418,1.0000000000
1.4006863371,2.3044757040,1.0000000000
1.7715726316,2.7495910493,1.0000000000
2.6161118367,1.3788160548,1.0000000000
2.3020184695,3.9691384938,1.0000000000
2.7228771564,2.8846450808,1.0000000000
1.8401422256,3.2405961100,1.0000000000
1.5635896761,1.4808566121,1.0000000000
1.9665966557,0.2823506761,1.0000000000
2.3945780449,2.3562332432,1.0000000000
1.3360356830,0.9764408488,1.0000000000
2.9923472933,0.3701878644,1.0000000000
1.6369729975,3.0138442536,1.0000000000
2.0574406598,0.1006051102,1.0000000000
2.1238961520,1.8792163600,1.0000000000
1.1019665906,2.5717074863,1.0000000000
1.1030146478,2.6342381993,1.0000000000
1.9831361852,1.4833085548,1.0000000000
1.3403455730,0.4646285348,1.0000000000
2.6872893907,0.7452892352,1.0000000000
2.7018629528,1.7845648205,1.0000000000
1.9445791417,3.8560426416,1.0000000000
2.4073994216,2.7043216417,1.0000000000
1.8962912519,0.2648477025,1.0000000000
1.7028337071,1.5554376280,1.0000000000
2.7217607177,2.1956553727,1.0000000000
1.3065097102,0.9475654249,1.0000000000
2.3952461471,2.4482180289,1.0000000000
2.4309246748,2.8734159512,1.0000000000
2.2010728439,0.4207369198,1.0000000000
1.9053733991,3.8915814859,1.0000000000
2.7397844214,2.3304722654,1.0000000000
1.6511935170,0.0645185900,1.0000000000
2.5610897841,3.9268913330,1.0000000000
2.3582494990,1.0138559076,1.0000000000
1.3074532814,0.5982367994,1.0000000000
2.5337622915,1.5209710243,1.0000000000
2.3876383890,0.1996467522,1.0000000000
2.2061638768,2.5685290860,1.0000000000
2.5056428010,3.2462771412,1.0000000000
2.1619677777,3.4428035293,1.0000000000
2.3143177942,2.8415082858,1.0000000000
1.4555012607,2.5705179049,1.0000000000
2.5526843322,2.4241729631,1.0000000000
2.3978787244,1.5932016909,1.0000000000
2.6587684850,0.0694527933,1.0000000000
2.8110127961,0.7359740001,1.0000000000
1.5652261789,3.2899679564,1.0000000000
1.6038141159,0.8131487484,1.0000000000
2.2272487943,3.3475981576,1.0000000000
1.2782723782,0.7663055403,1.0000000000
2.0274364174,1.8276515166,1.0000000000
2.7824408564,3.5946207638,1.0000000000
2.0740665856,1.1729929857,1.0000000000
1.2841476452,0.2308802058,1.0000000000
1.4560558616,1.0797136715,1.0000000000
1.5485280963,0.1060433796,1.0000000000
2.0948494148,1.9586456639,1.0000000000
1.9533217575,1.5627810291,1.0000000000
1.8680912708,0.6184804956,1.0000000000
2.8383799387,0.3147225783,1.0000000000
1.2478986226,0.4826924813,1.0000000000
1.8275519837,1.2141721894,1.0000000000
1.3773565259,2.4814395935,1.0000000000
2.5361071252,1.7220472261,1.0000000000
1.5871013865,3.6263997087,1.0000000000
2.8074213202,1.9794201253,1.0000000000
2.1299871112,3.0442015824,1.0000000000
1.2843568804,2.6126949992,1.0000000000
2.4789295918,2.7499523054,1.0000000000
1.6998630250,3.8704561117,1.0000000000
1.0630290198,1.3475899558,1.0000000000
2.1104276705,3.2883150647,1.0000000000
2.3103671839,0.4997022401,1.0000000000
1.6550625930,0.2666626327,1.0000000000
1.7030472986,1.6365165965,1.0000000000
1.3837684226,3.5242712417,1.0000000000
2.5012910775,2.3526682422,1.0000000000
1.9054678025,3.3486750511,1.0000000000
2.3212317494,1.0008029045,1.0000000000
2.9296247246,3.6774496110,1.0000000000
1.2194409022,1.0689802389,1.0000000000
1.0973403175,2.7068611716,1.0000000000
1.2554357316,2.3440062953,1.0000000000
1.1165981394,2.6434743621,1.0000000000
2.9243873824,2.3719511662,1.0000000000
2.2933322387,2.6216928176,1.0000000000
2.9922322932,2.1461957975,1.0000000000
2.6011763605,1.6899247784,1.0000000000
2.7829318719,3.9853462276,1.0000000000
2.3202449646,2.2536133017,1.0000000000
2.7312355377,3.1584847957,1.0000000000
1.1768642158,1.7323705082,1.0000000000
2.1620344860,1.2828295811,1.0000000000
1.2128396409,2.9190266549,1.0000000000
1.3797984282,0.3447589322,1.0000000000
1.3981123485,0.1264367334,1.0000000000
2.5585723811,2.8724861645,1.0000000000
2.4193036524,0.1519298038,1.0000000000
2.0249865193,1.3342290750,1.0000000000
2.2433059679,0.4056405997,1.0000000000
1.2630022692,1.1605407582,1.0000000000
1.0323299394,2.7470995401,1.0000000000
2.6396644592,3.4265396472,1.0000000000
1.1365404469,3.0518485893,1.0000000000
2.4926364873,0.5306347599,1.0000000000
2.6060030836,2.0149211498,1.0000000000
1.4248542529,3.5285216745,1.0000000000
2.6700325858,0.9763364801,1.0000000000
2.4528400713,3.8277044596,1.0000000000
2.0546165436,2.9454695390,1.0000000000
2.9017992177,2.2721456396,1.0000000000
1.6643912931,2.7461010972,1.0000000000
2.5882030904,0.2722952797,1.0000000000
2.8329024138,0.0305564851,1.0000000000
1.0822923906,3.5603458495,1.0000000000
2.6576672686,2.4928183267,1.0000000000
2.8357196045,0.8167079774,1.0000000000
1.1025775916,0.8924315118,1.0000000000
2.7015953862,3.7958109806,1.0000000000
1.8237590193,3.5377757328,1.0000000000
2.6655412219,1.1760487047,1.0000000000
1.0984465492,3.1452559943,1.0000000000
1.3386126265,2.4304023392,1.0000000000
2.8069795045,2.8849423072,1.0000000000
1.8233137969,2.9577607659,1.0000000000
1.3471832308,2.6002810260,1.0000000000
1.8820017480,3.0939280725,1.0000000000
2.1907186566,0.0880533430,1.0000000000
1.3609046474,2.4575818997,1.0000000000
1.6280224041,3.4667823073,1.0000000000
2.8801292302,2.7957369967,1.0000000000
2.5718086390,0.2915045848,1.0000000000
1.4595404920,2.3604703851,1.0000000000
1.1928587975,1.9852247814,1.0000000000
2.7523285358,3.1508164115,1.0000000000
1.7707315149,2.7860956367,1.0000000000
2.4147588604,0.0528423864,1.0000000000
2.5389419587,0.7774164566,1.0000000000
1.2789645243,0.1810756804,1.0000000000
1.4552854871,1.7547372807,1.0000000000
1.2619617135,3.0873187580,1.0000000000
1.2279497691,1.8531359803,1.0000000000
2.0444967444,3.4478967132,1.0000000000
1.5548033624,3.5891483097,1.0000000000
2.7972313664,1.5637670686,1.0000000000
2.1694293154,2.6683110154,1.0000000000
1.3309573155,2.0601369543,1.0000000000
1.8536107035,1.7011274406,1.0000000000
2.8732924088,3.1651198496,1.0000000000
2.5797150944,1.1391897343,1.0000000000
2.4227398498,3.8000989256,1.0000000000
1.3923017550,3.6942933131,1.0000000000
1.6584550291,3.6317657005,1.0000000000
1.0226005876,1.0363150303,1.0000000000
1.0019747831,2.2248680020,1.0000000000
1.7403839760,3.5074740150,1.0000000000
2.5621276144,1.2204642442,1.0000000000
2.5280758995,3.7382566791,1.0000000000
2.9836776173,3.2998189722,1.0000000000
2.0977102644,3.4415199384,1.0000000000
1.3059217946,1.7756768023,1.0000000000
2.9031592965,2.1957827135,1.0000000000
1.4323364016,1.9798240955,1.0000000000
1.1113110470,1.2298926940,1.0000000000
2.1770180992,1.3179109905,1.0000000000
1.7459424877,2.4417351023,1.0000000000
1.4420826987,2.6405858807,1.0000000000
2.9894127603,0.3584343010,1.0000000000
2.0475901912,0.3043234814,1.0000000000
2.9294339095,2.9850732104,1.0000000000
1.5560312202,2.8037128958,1.0000000000
2.4381793153,0.4600849809,1.0000000000
2.7602670126,3.4400483650,1.0000000000
2.8987490218,-2.2661722100,1.0000000000
1.7655715689,-2.3481527775,1.0000000000
1.7417305060,-3.8577506654,1.0000000000
2.4286506429,-1.9544684242,1.0000000000
2.0418790004,-0.9644961411,1.0000000000
2.3650693410,-3.4288365680,1.0000000000
2.1918938819,-3.5894052178,1.0000000000
1.6667071234,-0.5283550084,1.0000000000
2.2053374318,-2.0447714977,1.0000000000
1.2055645560,-0.6807855785,1.0000000000
1.5444143784,-2.7930087798,1.0000000000
2.1819835348,-0.5663318594,1.0000000000
2.1158798685,-0.2204898565,1.0000000000
1.6003124967,-2.2352223801,1.0000000000
1.4269147586,-3.7067554917,1.0000000000
2.8551931582,-3.8344163759,1.0000000000
2.4845858534,-3.4628250765,1.0000000000
2.7072555399,-0.7726193739,1.0000000000
2.6801389718,-3.9607592440,1.0000000000
1.7835178764,-1.5377216501,1.0000000000
2.0994931718,-1.7264270386,1.0000000000
2.9515139547,-0.0200545762,1.0000000000
2.2083087351,-2.5850794684,1.0000000000
2.2505963819,-3.7206985390,1.0000000000
1.9647588489,-0.2396718617,1.0000000000
1.6240893626,-1.5135276827,1.0000000000
1.8101685518,-3.3570849524,1.0000000000
1.4772607506,-1.7296650808,1.0000000000
1.2320404263,-3.9405296842,1.0000000000
1.4825208714,-0.8082680731,1.0000000000
1.3375984493,-1.2899884062,1.0000000000
1.9914748788,-1.0663358650,1.0000000000
2.3141790798,-2.5443583148,1.0000000000
2.1148429393,-0.1108020209,1.0000000000
2.9823784954,-1.6958584537,1.0000000000
2.0150203276,-1.4339690118,1.0000000000
1.9854663273,-0.4051231937,1.0000000000
1.2092025779,-0.6374572513,1.0000000000
2.6594234249,-0.5829196084,1.0000000000
1.7657610043,-1.8794904316,1.0000000000
2.8152781011,-3.1075940471,1.0000000000
1.9411974113,-1.8388674140,1.0000000000
2.9712624493,-2.4320204474,1.0000000000
2.5625272178,-3.1240715206,1.0000000000
2.5743808925,-2.9118188559,1.0000000000
1.1584176167,-0.2503415988,1.0000000000
2.2967157508,-2.6933480001,1.0000000000
1.6229997471,-0.0712923745,1.0000000000
2.6871769015,-0.8261270260,1.0000000000
2.2732777875,-0.4942138346,1.0000000000
1.6342565483,-1.7856897794,1.0000000000
2.4392758259,-3.6205369472,1.0000000000
2.5238382603,-3.6075930125,1.0000000000
1.4553003648,-2.6811118074,1.0000000000
2.7011456989,-1.4468021930,1.0000000000
1.6506871678,-1.2447586605,1.0000000000
2.3070725970,-0.7464622450,1.0000000000
1.4008610570,-1.0774170603,1.0000000000
2.1171137285,-3.8520660048,1.0000000000
2.3836493376,-0.3918853438,1.0000000000
1.2118395578,-2.4169567021,1.0000000000
1.5112376045,-0.2496548805,1.0000000000
1.7968872902,-0.1308967756,1.0000000000
1.0577208694,-0.3767132036,1.0000000000
2.2911894216,-0.4327760176,1.0000000000
2.1317624205,-3.8008274647,1.0000000000
1.1785234969,-0.6335768421,1.0000000000
1.2205501223,-1.2174774958,1.0000000000
2.8469819663,-0.0235452457,1.0000000000
2.0871086087,-0.7911726879,1.0000000000
1.1927593518,-2.2440563072,1.0000000000
2.2502886733,-1.8259521752,1.0000000000
1.5056961785,-3.0272205157,1.0000000000
1.3063144953,-0.5237888125,1.0000000000
1.7245999570,-3.7315652752,1.0000000000
2.6021801944,-0.4245199014,1.0000000000
2.1731190457,-0.1151691629,1.0000000000
1.8700706427,-0.7164623147,1.0000000000
1.2785456773,-3.7063536826,1.0000000000
1.3234924220,-0.4491882600,1.0000000000
1.0314440602,-3.2636162261,1.0000000000
2.7499156098,-1.1679023114,1.0000000000
2.7400088989,-3.8343784556,1.0000000000
1.4270241252,-1.3786076351,1.0000000000
1.6388660495,-0.5404133451,1.0000000000
2.3925252173,-3.5802508470,1.0000000000
2.0799381269,-3.1982431046,1.0000000000
2.0047092598,-2.4068867209,1.0000000000
2.6437607851,-3.4563122218,1.0000000000
1.4122139702,-1.4262802390,1.0000000000
2.7289088751,-1.9618291920,1.0000000000
1.0132374307,-2.5552429339,1.0000000000
2.6190217133,-2.4082913237,1.0000000000
1.6181820353,-3.1036406768,1.0000000000
1.8089709617,-0.8355470048,1.0000000000
2.4026097845,-0.0492168355,1.0000000000
1.8202289522,-0.4310131025,1.0000000000
1.5287701727,-0.7942485517,1.0000000000
2.7305524215,-2.9224842686,1.0000000000
1.9371228234,-0.6656706237,1.0000000000
2.3448284152,-2.4355445065,1.0000000000
1.5401474996,-0.0648337442,1.0000000000
2.0801036404,-1.4883958471,1.0000000000
2.3700554320,-0.4923237719,1.0000000000
1.8420509601,-3.6496590278,1.0000000000
2.9323084418,-2.9187559147,1.0000000000
2.3719887629,-1.9545064572,1.0000000000
1.5723792981,-1.9477454541,1.0000000000
1.3010954629,-1.8845979670,1.0000000000
2.4866964001,-2.1040109114,1.0000000000
2.6362274811,-3.9618446884,1.0000000000
1.3417336729,-0.9286720355,1.0000000000
1.8572881762,-0.6650474610,1.0000000000
1.8020767340,-2.4232751808,1.0000000000
1.1838634531,-2.2900459241,1.0000000000
1.1680807524,-3.5124039245,1.0000000000
1.4642917404,-3.6522715396,1.0000000000
1.7239287814,-0.6902922358,1.0000000000
2.3231059202,-3.1589742123,1.0000000000
2.5650437854,-1.1607337971,1.0000000000
1.6647503012,-0.3830660903,1.0000000000
1.7511431794,-3.5639989140,1.0000000000
2.0360150832,-0.4381925484,1.0000000000
2.2101089871,-1.5001728104,1.0000000000
1.3414123187,-3.3160609522,1.0000000000
2.8459156648,-0.5665918217,1.0000000000
1.2553054691,-1.9423225980,1.0000000000
1.7496427597,-1.3180839303,1.0000000000
1.6373888084,-3.9642081377,1.0000000000
1.9512458851,-3.7259950816,1.0000000000
2.5705357637,-3.0076954816,1.0000000000
1.5903788527,-3.5956391882,1.0000000000
2.2991800747,-1.7254877752,1.0000000000
1.7607235274,-2.1785403874,1.0000000000
1.9615343598,-2.2634235605,1.0000000000
1.7072199585,-2.0214300969,1.0000000000
1.3390725266,-3.4778831501,1.0000000000
1.2622559567,-1.8785882466,1.0000000000
2.8660712831,-3.5276166958,1.0000000000
2.4145642800,-2.9960660063,1.0000000000
1.3976928259,-0.6813541299,1.0000000000
1.6004616296,-2.4223191167,1.0000000000
2.4090546821,-0.5793718626,1.0000000000
2.8770074363,-2.5306017604,1.0000000000
1.6269921623,-1.8375280606,1.0000000000
2.7084558303,-1.7901853902,1.0000000000
1.4984883562,-2.9634167992,1.0000000000
2.4923444579,-3.9024712781,1.0000000000
1.6527453531,-1.0324264441,1.0000000000
1.6374577065,-3.6953666820,1.0000000000
1.1347181931,-2.4004125277,1.0000000000
2.2347025263,-1.4256701776,1.0000000000
1.2898789776,-3.3718172675,1.0000000000
1.4190045740,-2.9784628254,1.0000000000
1.2778688864,-3.7923493344,1.0000000000
2.8081621677,-0.7725001588,1.0000000000
2.9090471402,-2.3358279524,1.0000000000
1.1209515311,-2.4358477078,1.0000000000
1.5565492762,-2.3776894579,1.0000000000
2.0192838106,-1.2975223029,1.0000000000
2.3758431111,-3.4794892428,1.0000000000
2.3033119828,-1.9791261031,1.0000000000
2.5916137596,-2.5194935612,1.0000000000
1.1871664416,-1.8179709082,1.0000000000
1.2665290553,-1.6093652478,1.0000000000
1.2993749173,-1.5440201094,1.0000000000
1.9157549238,-3.2191192027,1.0000000000
2.3599192858,-3.1012352159,1.0000000000
1.8852712231,-2.3048916233,1.0000000000
1.8817737659,-0.5242483671,1.0000000000
1.1538879422,-2.2297782292,1.0000000000
1.9458982401,-2.3987602832,1.0000000000
2.4794663613,-2.2479277345,1.0000000000
1.2545112857,-2.5614429994,1.0000000000
1.5914139141,-2.0235512348,1.0000000000
1.5927666200,-1.2127844254,1.0000000000
2.8387167595,-3.4776860545,1.0000000000
1.7561823636,-3.9467748379,1.0000000000
2.6625835113,-1.0224491654,1.0000000000
1.9254063394,-3.6731430038,1.0000000000
2.7007138030,-1.4385512981,1.0000000000
1.6785129882,-0.7010443831,1.0000000000
1.6745159081,-1.9025603951,1.0000000000
1.6929837011,-2.0257547802,1.0000000000
2.8127293944,-2.7741838930,1.0000000000
2.1182078911,-3.4381032650,1.0000000000
1.2971541015,-0.5443189636,1.0000000000
1.6187610062,-0.2849259539,1.0000000000
1.7683418378,-0.9819041608,1.0000000000
2.9219259789,-3.3794425123,1.0000000000
1.7216543329,-1.4174285803,1.0000000000
1.5118970648,-0.7714086796,1.0000000000
1.9383308377,-2.0160707569,1.0000000000
2.1370214665,-2.0004661379,1.0000000000
2.5793491206,-1.4721283226,1.0000000000
1.2414442705,-2.5268467645,1.0000000000
1.2140388772,-3.6956009215,1.0000000000
1.1608370114,-3.5292962670,1.0000000000
1.3539797390,-1.4143650223,1.0000000000
1.9043628913,-3.3951701366,1.0000000000
-2.7202651599,1.1099682675,-1.0000000000
-2.6078664565,1.6455632427,-1.0000000000
-2.2840491612,1.5137408944,-1.0000000000
-2.2167645819,2.2560325309,-1.0000000000
-2.0482350961,2.3810704603,-1.0000000000
-2.1040891950,3.3237896290,-1.0000000000
-1.4704218306,2.4368504180,-1.0000000000
-1.6529452849,1.2795941796,-1.0000000000
-2.1643467832,0.1601464195,-1.0000000000
-1.2382568569,3.1907012268,-1.0000000000
-1.8200698504,3.2090342643,-1.0000000000
-1.9466989653,2.7671460486,-1.0000000000
-1.6973833074,1.0870508418,-1.0000000000
-1.9255338280,3.1652129807,-1.0000000000
-2.8785331724,1.6573539518,-1.0000000000
-2.1836956383,1.0411349549,-1.0000000000
-2.9472936464,3.2036213275,-1.0000000000
-1.1538520466,3.8185039343,-1.0000000000
-1.1510527477,2.8240870029,-1.0000000000
-1.4042139738,3.0724308119,-1.0000000000
-1.6531364640,2.2086793303,-1.0000000000
-2.3984341948,1.3211804954,-1.0000000000
-1.0756277546,0.9912505201,-1.0000000000
-1.3108262651,2.6131051170,-1.0000000000
-2.1790901258,2.7249801219,-1.0000000000
-2.8757849332,0.6194061488,-1.0000000000
-1.0932405762,3.5009769165,-1.0000000000
-2.5849997355,0.4516587495,-1.0000000000
-2.2384813134,1.4332074003,-1.0000000000
-1.7495878891,0.0232827890,-1.0000000000
-1.2665857556,0.1505948022,-1.0000000000
-2.1056945031,2.4113483181,-1.0000000000
-1.4528750823,0.1914643157,-1.0000000000
-1.2973664689,1.8270023994,-1.0000000000
-1.1822901897,3.8266357420,-1.0000000000
-1.0149008360,2.0040899068,-1.0000000000
-2.0804364206,1.5111005261,-1.0000000000
-1.9357328807,1.0275497009,-1.0000000000
-2.8352294138,0.1152868206,-1.0000000000
-2.9675645993,0.5861512082,-1.0000000000
-2.9814214045,3.5609477159,-1.0000000000
-1.3721751082,3.0305229061,-1.0000000000
-1.6890454167,1.9953022451,-1.0000000000
-1.4698450227,3.6492115149,-1.0000000000
-2.7808927458,3.5892526424,-1.0000000000
-2.1740768733,0.4015101247,-1.0000000000
-1.6437494127,0.5332560075,-1.0000000000
-2.0547916417,1.5901760789,-1.0000000000
-2.1939798963,0.3828103699,-1.0000000000
-1.7868760049,3.9226513580,-1.0000000000
-1.6984203443,1.5323530587,-1.0000000000
-1.2401606575,0.4656781270,-1.0000000000
-2.9861542022,0.8451023293,-1.0000000000
-2.9061345059,2.4095136100,-1.0000000000
-1.0590237692,1.2787344665,-1.0000000000
-2.9733492683,1.6485625555,-1.0000000000
-1.8582872494,0.9604832948,-1.0000000000
-2.1723413676,1.9265898074,-1.0000000000
-1.5854943567,3.8989540652,-1.0000000000
-2.9426530366,0.8023259154,-1.0000000000
-1.1222926594,1.6654593118,-1.0000000000
-1.3459493869,1.2920514642,-1.0000000000
-2.0170527994,2.7496490929,-1.0000000000
-2.3995364529,2.8348164812,-1.0000000000
-1.4182274097,3.6950661557,-1.0000000000
-2.3898751684,3.6682433443,-1.0000000000
-1.0512318702,0.5367423076,-1.0000000000
-1.2747221006,2.4474225436,-1.0000000000
-1.8931817582,1.4307345723,-1.0000000000
-1.2651287450,0.6309247124,-1.0000000000
-2.2653238700,0.3854543439,-1.0000000000
-2.1405975325,3.3742884159,-1.0000000000
-2.8299850448,1.6018679409,-1.0000000000
-2.9783356543,3.8877795992,-1.0000000000
-1.9277356561,0.8962069942,-1.0000000000
-1.2344646491,2.4599700043,-1.0000000000
-2.9840460797,2.5198289243,-1.0000000000
-1.5201813872,2.6477697827,-1.0000000000
-2.7817339068,2.2320857829,-1.0000000000
-1.1173642020,2.2111360743,-1.0000000000
-1.4115408960,1.2340370899,-1.0000000000
-2.8005415503,0.1608099190,-1.0000000000
-1.8272109217,0.1731872572,-1.0000000000
-2.5034812474,2.5444668925,-1.0000000000
-1.2743300084,3.1669298046,-1.0000000000
-2.4424845011,1.5346262813,-1.0000000000
-1.7768929174,0.1212497430,-1.0000000000
-1.0491490647,1.5224246164,-1.0000000000
-1.5797032654,3.1780658618,-1.0000000000
-1.8872417746,2.0700964143,-1.0000000000
-1.9040463201,0.3821880150,-1.0000000000
-1.3421749609,1.4843301109,-1.0000000000
-2.2677564095,3.1532217897,-1.0000000000
-1.9121779832,2.6401844179,-1.0000000000
-1.3321369647,3.6822066629,-1.0000000000
-1.2419190235,2.1643067160,-1.0000000000
-2.7932663531,3.2900427005,-1.0000000000
-1.2744757989,3.2211874800,-1.0000000000
-1.4765451597,3.9100162420,-1.0000000000
-1.7155349366,3.9755245451,-1.0000000000
-1.5783746665,0.7173301160,-1.0000000000
-2.2706401445,2.3123929748,-1.0000000000
-1.5886124451,1.5781506116,-1.0000000000
-1.4322698479,3.6359871582,-1.0000000000
-2.8680895873,2.5604810366,-1.0000000000
-2.7755556101,0.7055004678,-1.0000000000
-1.6740986763,0.0689415543,-1.0000000000
-2.4023579823,2.2025579339,-1.0000000000
-2.4584390124,0.8213741243,-1.0000000000
-2.8405866726,2.4881043528,-1.0000000000
-2.9077910493,3.9719010535,-1.0000000000
-2.7537932761,0.2002498197,-1.0000000000
-1.0320390681,0.2983964246,-1.0000000000
-2.4593090052,2.6382592462,-1.0000000000
-1.0840297533,2.8883866392,-1.0000000000
-2.1539696443,3.8527025341,-1.0000000000
-1.4002285607,0.7116939953,-1.0000000000
-2.8202903785,1.2139643576,-1.0000000000
-2.7833289705,2.5787433792,-1.0000000000
-1.3859920837,0.3165744111,-1.0000000000
-2.9348877232,3.0916421335,-1.0000000000
-1.8187616449,0.1345665266,-1.0000000000
-2.2538313622,0.3936695240,-1.0000000000
-1.7946699122,1.5301569604,-1.0000000000
-2.3637662706,0.5871880043,-1.0000000000
-1.9874554827,2.6655197739,-1.0000000000
-2.2727279897,0.4682319142,-1.0000000000
-2.4321848490,3.9332534328,-1.0000000000
-2.5423239955,0.7043137927,-1.0000000000
-1.0184341718,2.6610005285,-1.0000000000
-1.6406279698,1.1561526681,-1.0000000000
-2.0693976052,2.0624890083,-1.0000000000
-1.6623033768,1.1397894041,-1.0000000000
-1.1389998162,1.8986694590,-1.0000000000
-1.4855454388,3.9374430309,-1.0000000000
-2.3964531912,3.2163715614,-1.0000000000
-2.1546780967,0.4314977284,-1.0000000000
-2.5429737918,0.8158262931,-1.0000000000
-2.1274516057,1.7119382956,-1.0000000000
-2.3236396465,3.5779631719,-1.0000000000
-2.5776573665,3.8576072685,-1.0000000000
-2.4683952948,0.2699727858,-1.0000000000
-2.9124404130,0.3298248863,-1.0000000000
-2.5097497564,0.5806729270,-1.0000000000
-1.7737190507,3.9808021725,-1.0000000000
-1.3783405283,1.6702818787,-1.0000000000
-2.4978757907,1.8813942578,-1.0000000000
-2.8900033851,2.7931219814,-1.0000000000
-2.2767397615,3.2974777411,-1.0000000000
-2.7325294698,0.9305655251,-1.0000000000
-2.0039068487,3.7654829585,-1.0000000000
-1.0514133985,0.5144194567,-1.0000000000
-1.9468359697,3.6781083655,-1.0000000000
-2.1734985151,3.4789374268,-1.0000000000
-1.8940016024,3.8730089820,-1.0000000000
-1.2954719090,3.4236451363,-1.0000000000
-2.4397338204,3.2627776204,-1.0000000000
-2.6313587231,1.7299051917,-1.0000000000
-2.2185716266,3.0352118934,-1.0000000000
-2.9529766095,0.9588445169,-1.0000000000
-2.0260290584,1.1548388412,-1.0000000000
-1.4919646977,0.1618933526,-1.0000000000
-2.8952619454,3.5235079323,-1.0000000000
-2.8808837979,3.4655863749,-1.0000000000
-2.4368470633,1.3214015351,-1.0000000000
-2.8424231115,2.5762201359,-1.0000000000
-1.4818412802,0.6766777498,-1.0000000000
-2.7598936887,1.0365003766,-1.0000000000
-2.9462103844,2.6758705888,-1.0000000000
-2.7170333837,2.6357954657,-1.0000000000
-1.1357353289,0.5717135211,-1.0000000000
-2.8284360211,1.0939488939,-1.0000000000
-1.6774078614,1.9729425187,-1.0000000000
-1.1499951785,3.0725062098,-1.0000000000
-2.9841074048,0.5776845997,-1.0000000000
-2.4169487912,0.5877427119,-1.0000000000
-1.1961630517,2.2994184180,-1.0000000000
-1.9651025174,0.5256819239,-1.0000000000
-1.4668877243,1.6237127813,-1.0000000000
-1.2260300272,3.8491672808,-1.0000000000
-1.2594330574,2.8264296757,-1.0000000000
-1.3880848982,0.3528762024,-1.0000000000
-2.8000257502,2.6623000742,-1.0000000000
-2.6741076187,0.6073279884,-1.0000000000
-1.2897456242,0.5569077435,-1.0000000000
-2.5587807976,2.9483646916,-1.0000000000
-1.7653578857,3.0001715253,-1.0000000000
-2.6574616329,1.6158558224,-1.0000000000
-1.0352112891,2.7625172919,-1.0000000000
-2.2655880351,2.3533301799,-1.0000000000
-2.9437057083,3.7393737093,-1.0000000000
-2.4458819283,1.6556678495,-1.0000000000
-2.0966252504,1.5264752820,-1.0000000000
-2.7906873195,0.2458453573,-1.0000000000
-2.6916760388,1.7738175138,-1.0000000000
-2.7200869116,0.7170922633,-1.0000000000
-2.0116710932,3.0961629036,-1.0000000000
-2.9997300551,1.7882009939,-1.0000000000
-2.0494735823,2.6861319572,-1.0000000000
-2.4659694637,2.7688843688,-1.0000000000
-1.9411553288,-0.1490198778,-1.0000000000
-2.9908014550,-0.0507974900,-1.0000000000
-2.4547889868,-2.2324939938,-1.0000000000
-1.3995850857,-0.0638298876,-1.0000000000
-2.4160295365,-1.0448656329,-1.0000000000
-1.1170992592,-3.1372552454,-1.0000000000
-1.6348102397,-1.8506518145,-1.0000000000
-2.9636999149,-0.9100431708,-1.0000000000
-1.4913718663,-1.5043360016,-1.0000000000
-2.0160113527,-3.5789595765,-1.0000000000
-2.1681414601,-1.2070434532,-1.0000000000
-1.3919254336,-2.9456859548,-1.0000000000
-1.2532161645,-3.7958782652,-1.0000000000
-2.6569420394,-1.0967781313,-1.0000000000
-2.5637946523,-0.3038995448,-1.0000000000
-2.2624663989,-0.2188385340,-1.0000000000
-1.0252744095,-2.7027641938,-1.0000000000
-1.0083241907,-1.1901066844,-1.0000000000
-2.0413135897,-2.3187587606,-1.0000000000
-1.8358176462,-1.8196456091,-1.0000000000
-1.5085779417,-3.8789620583,-1.0000000000
-2.4111383443,-0.0185675562,-1.0000000000
-2.5886606480,-2.2967826140,-1.0000000000
-2.4395528393,-2.9568380118,-1.0000000000
-2.4963647919,-0.4350424673,-1.0000000000
-1.4803856300,-2.4457578231,-1.0000000000
-2.5037256092,-0.1941327374,-1.0000000000
-2.6385461563,-2.0666901989,-1.0000000000
-2.5908806415,-3.0520126517,-1.0000000000
-2.8142933963,-2.7339872239,-1.0000000000
-2.0232222074,-2.9626796721,-1.0000000000
-2.9921408506,-3.3183734588,-1.0000000000
-1.1189988542,-3.3235820142,-1.0000000000
-2.3017305026,-3.2220909256,-1.0000000000
-2.9924293405,-3.8554036361,-1.0000000000
-2.1824034906,-0.3207330899,-1.0000000000
-2.7688302956,-2.9815206268,-1.0000000000
-2.3330212974,-2.5273963621,-1.0000000000
-1.4320647239,-2.0662441109,-1.0000000000
-1.6845789779,-1.3807445376,-1.0000000000
-2.8334761589,-1.5548363548,-1.0000000000
-2.9388659192,-3.9315512910,-1.0000000000
-2.2215061915,-2.8646712299,-1.0000000000
-1.4673184938,-2.5031439297,-1.0000000000
-2.9748993056,-3.2317399405,-1.0000000000
-1.5684554078,-3.1162294795,-1.0000000000
-2.4734894343,-3.2396715078,-1.0000000000
-1.0950558001,-0.6559566551,-1.0000000000
-2.3021738960,-0.1196837355,-1.0000000000
-1.2633018305,-2.2266673119,-1.0000000000
-2.3156513162,-0.7332378398,-1.0000000000
-2.1931075209,-3.1556025995,-1.0000000000
-2.6928638472,-1.2570972276,-1.0000000000
-1.7198145991,-2.0069735906,-1.0000000000
-1.4196815823,-0.3893815882,-1.0000000000
-1.1745590745,-3.4057990326,-1.0000000000
-2.7496009917,-1.0131327915,-1.0000000000
-2.2655284168,-2.3774776753,-1.0000000000
-1.5778177021,-1.3197314226,-1.0000000000
-1.2398146933,-2.4980152214,-1.0000000000
-1.5262941340,-3.0257207413,-1.0000000000
-1.1852275812,-3.0293543975,-1.0000000000
-2.2999398339,-3.6129428868,-1.0000000000
-2.5280098326,-1.4910946096,-1.0000000000
-2.6956440844,-3.6694300159,-1.0000000000
-1.3214310840,-1.4225724309,-1.0000000000
-1.9891179593,-0.6789952412,-1.0000000000
-2.0137194649,-3.4091028763,-1.0000000000
-2.4884255770,-0.5367447779,-1.0000000000
-1.7371373981,-1.8236436367,-1.0000000000
-2.8488872216,-0.9440619009,-1.0000000000
-1.6352357354,-3.1447794886,-1.0000000000
-1.3889127405,-1.3685747550,-1.0000000000
-1.8114211847,-2.3770927115,-1.0000000000
-1.0314157870,-3.5059209845,-1.0000000000
-1.6194342648,-1.3919059614,-1.0000000000
-2.7919086904,-1.3509841670,-1.0000000000
-2.1251294937,-3.2151099440,-1.0000000000
-2.5959379645,-2.1469392801,-1.0000000000
-2.4432981637,-0.6699135570,-1.0000000000
-2.5772659963,-1.8553295092,-1.0000000000
-2.3860930717,-1.1598962382,-1.0000000000
-2.4187352354,-0.5201339493,-1.0000000000
-1.5245786519,-0.7296215973,-1.0000000000
-1.0408456530,-0.2724445291,-1.0000000000
-1.4398785318,-1.2573150185,-1.0000000000
-2.6306821362,-1.8431973667,-1.0000000000
-2.1912748170,-0.5050516990,-1.0000000000
-1.8399200907,-1.7560792479,-1.0000000000
-1.2696290845,-1.0299370458,-1.0000000000
-1.1799694660,-2.8133225641,-1.0000000000
-1.2547417264,-2.4259266331,-1.0000000000
-2.0739850459,-3.3335015969,-1.0000000000
-2.3544687734,-1.7670230081,-1.0000000000
-1.9117652935,-1.2858877023,-1.0000000000
-1.5517041753,-0.1330975053,-1.0000000000
-2.4559514968,-1.6768246665,-1.0000000000
-2.6637082394,-0.4993404506,-1.0000000000
-2.8273494384,-0.6023346490,-1.0000000000
-1.8142298549,-1.5125693858,-1.0000000000
-2.9078259038,-1.6241433811,-1.0000000000
-2.0178754680,-1.5548913227,-1.0000000000
-2.9420712320,-3.7112987388,-1.0000000000
-1.8221855803,-1.0606502967,-1.0000000000
-2.8551540926,-0.3047479144,-1.0000000000
-2.9047161965,-2.0880854216,-1.0000000000
-2.3624850155,-0.9010439277,-1.0000000000
-1.1393000422,-1.8213255497,-1.0000000000
-2.4475753029,-3.7098246144,-1.0000000000
-1.5906980110,-3.9446061792,-1.0000000000
-1.8306825925,-1.2628211200,-1.0000000000
-1.6357259997,-1.8082827469,-1.0000000000
-1.1854801647,-2.0035623725,-1.0000000000
-1.0825340840,-2.2538811292,-1.0000000000
-1.3059418202,-3.0338111461,-1.0000000000
-2.2893149119,-2.9061122447,-1.0000000000
-1.3827921241,-2.6659770285,-1.0000000000
-1.4710353329,-2.8794631764,-1.0000000000
-1.9456112585,-0.1694485680,-1.0000000000
-1.0546454686,-0.6894045591,-1.0000000000
-1.6889465158,-3.0222359150,-1.0000000000
-2.9309500957,-0.6926769526,-1.0000000000
-2.8680212492,-1.2405438321,-1.0000000000
-2.7685403525,-1.7479641552,-1.0000000000
-1.0298749803,-1.2118465126,-1.0000000000
-2.6570814473,-0.5540939917,-1.0000000000
-1.4750165133,-1.6740597363,-1.0000000000
-2.3273859395,-3.5087447902,-1.0000000000
-1.6445111752,-1.2093246502,-1.0000000000
-1.1142026538,-0.6839453648,-1.0000000000
-1.1953518250,-0.9762421350,-1.0000000000
-1.0426032755,-2.0586014993,-1.0000000000
-1.2875811116,-0.4791967553,-1.0000000000
-1.5676447771,-3.7231119466,-1.0000000000
-2.1640782070,-1.4149362774,-1.0000000000
-1.2292071242,-0.0356508236,-1.0000000000
-1.0569642087,-2.3498036652,-1.0000000000
-1.2406383971,-2.9238734449,-1.0000000000
-2.3282414476,-3.3419144099,-1.0000000000
-1.2188370517,-2.4069792129,-1.0000000000
-2.6451767877,-3.1388998997,-1.0000000000
-2.0039805716,-3.5946126297,-1.0000000000
-2.1327195470,-2.6495841483,-1.0000000000
-2.7310447274,-0.0216483963,-1.0000000000
-1.8677216465,-0.5228467813,-1.0000000000
-1.5396622662,-2.7799769339,-1.0000000000
-1.6556565678,-3.7787952698,-1.0000000000
-2.7658385552,-1.7557019509,-1.0000000000
-1.2490132730,-1.7775616623,-1.0000000000
-1.2458613397,-2.9631324785,-1.0000000000
-1.7291986689,-3.5959872226,-1.0000000000
-2.7733757801,-1.4922481834,-1.0000000000
-2.8986948710,-0.9911265045,-1.0000000000
-1.0718257333,-3.8574186787,-1.0000000000
-2.8951884516,-1.1830324272,-1.0000000000
-1.2071489767,-0.5482255729,-1.0000000000
-1.9595253128,-0.5572858748,-1.0000000000
-1.4041411240,-0.4394620182,-1.0000000000
-2.0309437259,-0.2968269484,-1.0000000000
-2.6330754479,-3.7656864812,-1.0000000000
-1.7992500085,-3.6263541041,-1.0000000000
-2.3341038343,-3.3731846160,-1.0000000000
-1.9798958253,-1.4305065335,-1.0000000000
-2.5947369272,-0.9062184845,-1.0000000000
-1.7196895518,-2.3757133919,-1.0000000000
-1.6083473118,-0.0694986221,-1.0000000000
-2.0084394807,-0.0809668891,-1.0000000000
-2.4712028005,-0.8407712932,-1.0000000000
-1.8698892610,-1.8239593211,-1.0000000000
-2.9244772002,-2.2105383930,-1.0000000000
-2.9439195722,-2.3543994023,-1.0000000000
-2.2504143607,-1.7105493447,-1.0000000000
-1.9056552125,-0.1622571014,-1.0000000000
-1.6809814496,-2.7647123132,-1.0000000000
-2.8204617152,-2.9327488288,-1.0000000000
-1.4913626930,-2.6309959130,-1.0000000000
-2.5020451258,-3.7265500006,-1.0000000000
-1.3229461012,-1.4062712948,-1.0000000000
-1.8757689764,-3.6269097020,-1.0000000000
-1.1735723791,-1.1275807499,-1.0000000000
-2.2410902221,-0.2706982461,-1.0000000000
-2.4734157773,-1.7796976273,-1.0000000000
-1.2246203138,-0.0488459887,-1.0000000000
-2.0987162516,-1.0353001870,-1.0000000000
-2.6899613711,-2.9618108788,-1.0000000000
-2.0806152455,-3.5311774345,-1.0000000000
-1.7952085854,-2.7967214505,-1.0000000000
-1.7534233073,-0.6032203209,-1.0000000000
-1.5505082172,-3.8750303509,-1.0000000000
-1.3156111677,-1.2063491627,-1.0000000000
-1.1842451942,-0.0645236317,-1.0000000000
-2.7749953356,-0.6594742424,-1.0000000000
-2.1638538910,-3.4453997895,-1.0000000000
-1.0374950978,-3.2392652400,-1.0000000000
-2.8695892165,-0.1234348864,-1.0000000000
-2.7810642324,-2.0043074637,-1.0000000000
-1.9538004231,-0.6470167775,-1.0000000000
-2.0684125380,-3.0742494297,-1.0000000000
-1.2153346384,-0.9378686532,-1.0000000000
-1.0160865394,-3.6975761464,-1.0000000000
2.9526303429,3.8869447591,1.0000000000
2.4691734469,0.4566310776,1.0000000000
2.2854421917,2.5833161140,1.0000000000
1.6829752771,2.3004444303,1.0000000000
1.0671784406,0.8051685116,1.0000000000
2.4547370902,3.1394993100,1.0000000000
1.5643579936,3.7459968408,1.0000000000
2.3691406828,0.1136509046,1.0000000000
1.1779919183,1.0254163683,1.0000000000
1.8342626116,1.3590541182,1.0000000000
1.0516884776,0.6435195295,1.0000000000
2.1510835458,0.7134240695,1.0000000000
2.2761611227,3.6208717501,1.0000000000
2.7795423030,3.0149240291,1.0000000000
2.4674996470,3.1428092685,1.0000000000
1.5366781725,3.0480280486,1.0000000000
2.9578586948,1.3021825134,1.0000000000
1.0582217811,0.9100119925,1.0000000000
2.2670500364,0.2070771735,1.0000000000
1.5422895346,0.8011633305,1.0000000000
1.2618787360,0.3281605433,1.0000000000
1.1029150274,3.0436503219,1.0000000000
2.2293669008,0.9572295115,1.0000000000
2.6517576053,0.8780628738,1.0000000000
2.0038783138,1.3344476165,1.0000000000
1.1729624037,1.1530305524,1.0000000000
2.8163987576,3.5471989250,1.0000000000
1.3690344985,3.3953291124,1.0000000000
1.9545771533,1.9707573027,1.0000000000
1.2912715518,2.8574780069,1.0000000000
2.6333341028,2.4467022354,1.0000000000
2.5359710330,0.4268233822,1.0000000000
2.2696393343,2.5707633723,1.0000000000
2.7361358571,0.6418984987,1.0000000000
1.5631123159,3.5367984049,1.0000000000
2.5212828249,1.7267799359,1.0000000000
1.4259527093,2.8328059805,1.0000000000
1.8330474083,2.1748755663,1.0000000000
1.0212939186,3.7323050003,1.0000000000
2.1312380579,0.1590537877,1.0000000000
2.6496957802,0.5870965319,1.0000000000
2.1269502904,1.3776405897,1.0000000000
2.2024910901,0.4740700173,1.0000000000
1.6154071642,2.1838494234,1.0000000000
2.6938517361,3.4829294353,1.0000000000
2.8768637331,1.3593292168,1.0000000000
1.7243727537,0.2582023869,1.0000000000
1.1844824752,0.5594740861,1.0000000000
1.2373108519,2.2042103623,1.0000000000
2.6076722292,2.6754592167,1.0000000000
2.3989400973,2.4529778197,1.0000000000
2.9765079932,3.0425543561,1.0000000000
2.1697448335,1.6522423761,1.0000000000
1.6124212152,2.5862788582,1.0000000000
1.6552254562,2.0633202718,1.0000000000
2.7305016854,3.5396223341,1.0000000000
1.9032582595,3.6204900459,1.0000000000
1.4416666126,2.3829793911,1.0000000000
1.1791441618,2.6947460520,1.0000000000
2.6257578958,1.2535414271,1.0000000000
1.3036735439,2.5098268155,1.0000000000
2.4065109640,3.4157296882,1.0000000000
2.2729676678,0.1966291805,1.0000000000
2.3335084928,0.3063875240,1.0000000000
1.3353965755,1.8649937823,1.0000000000
2.4857221923,2.3707428174,1.0000000000
2.1239291967,1.7675036762,1.0000000000
2.8389351905,0.1217491099,1.0000000000
2.8761256636,0.1163219786,1.0000000000
2.2989491232,1.3679775237,1.0000000000
2.9336719606,2.1136966040,1.0000000000
1.8967217384,2.3062947611,1.0000000000
1.9504797774,3.5838920004,1.0000000000
1.5652438018,2.6937761192,1.0000000000
1.8315387580,1.1265034804,1.0000000000
1.9656031612,2.2102611282,1.0000000000
2.5369002647,0.0238384209,1.0000000000
2.1460339626,2.0069173089,1.0000000000
1.5264571464,3.9044583762,1.0000000000
1.6650061897,2.0410481120,1.0000000000
1.9525539878,2.7835386584,1.0000000000
1.8213044150,2.3284682938,1.0000000000
1.1693435364,0.8362381622,1.0000000000
2.5403733068,0.6964834142,1.0000000000
2.2937351293,0.8781669338,1.0000000000
1.2677323419,1.6371938945,1.0000000000
2.8753965768,3.7850620496,1.0000000000
2.8937071525,1.8196985396,1.0000000000
2.7401983148,2.2379312308,1.0000000000
2.5187379264,3.2751438757,1.0000000000
1.9000482763,2.3863123835,1.0000000000
2.3048262981,2.9252183402,1.0000000000
1.5220690795,3.0003388684,1.0000000000
2.8276077851,2.3564633676,1.0000000000
2.1922960144,0.6594882230,1.0000000000
2.9651250237,3.1180530127,1.0000000000
1.1422059915,2.0015408675,1.0000000000
1.8223828509,0.3412216700,1.0000000000
2.3507602929,0.4447049857,1.0000000000
2.9969199307,2.8536642662,1.0000000000
1.5640954434,2.0762006787,1.0000000000
2.9736692782,2.7778574728,1.0000000000
2.7648725147,2.6100767927,1.0000000000
2.8981677878,3.0167235013,1.0000000000
2.3837408797,1.8125402500,1.0000000000
2.3211934098,3.3608761801,1.0000000000
1.4270725637,1.9701081474,1.0000000000
1.3701896590,0.4162799838,1.0000000000
1.7379879272,3.8803493565,1.0000000000
2.1906278239,1.6261080867,1.0000000000
2.2245842403,2.5145740564,1.0000000000
1.4511989121,3.3175676347,1.0000000000
1.4031573402,3.0207084187,1.0000000000
1.6461865444,2.4815807051,1.0000000000
2.9603866535,1.5769623668,1.0000000000
2.4482189318,1.3989826385,1.0000000000
2.6984748403,0.2714984603,1.0000000000
2.9332601735,0.1711125365,1.0000000000
2.1983664910,3.9810613068,1.0000000000
1.8386682000,1.0897303305,1.0000000000
1.9226694503,0.5914813735,1.0000000000
1.5132126882,0.1580388369,1.0000000000
1.2176569151,3.7165862386,1.0000000000
1.4782764526,0.6499321918,1.0000000000
1.5091337723,2.8349916434,1.0000000000
1.9612293813,1.6646151535,1.0000000000
2.4217240418,2.9792956907,1.0000000000
2.9168709366,2.0120618541,1.0000000000
2.9889229874,3.1939756134,1.0000000000
1.2515464667,3.3400659357,1.0000000000
2.1257012213,0.8943211410,1.0000000000
1.6196272359,3.8920993433,1.0000000000
2.1564566674,3.3451899919,1.0000000000
2.0777473932,0.4716940241,1.0000000000
2.4096674982,3.7507253340,1.0000000000
1.3449365196,2.6486864208,1.0000000000
2.5201331038,3.7572340519,1.0000000000
2.0502577057,3.6292598315,1.0000000000
2.9517242050,3.7741962615,1.0000000000
2.9059097311,1.7158732172,1.0000000000
2.0607152932,1.9555346475,1.0000000000
2.9775385711,1.9808304953,1.0000000000
1.6867247354,3.2609766798,1.0000000000
2.1186646962,3.0714580113,1.0000000000
1.4111643293,0.1694544268,1.0000000000
1.5908125746,2.1169725789,1.0000000000
1.8421522409,1.3464319538,1.0000000000
2.2226278388,3.1369627899,1.0000000000
1.6830395551,1.9179556206,1.0000000000
2.9443086106,1.1025625714,1.0000000000
1.9960208497,3.9812709248,1.0000000000
2.1428822045,2.8030168893,1.0000000000
1.6192622613,3.4965988391,1.0000000000
2.1349919320,3.3994720284,1.0000000000
1.9258216072,1.7276929679,1.0000000000
1.4164472586,2.9351881093,1.0000000000
2.3011059888,0.1066577691,1.0000000000
1.8322985575,0.9824706756,1.0000000000
2.2526089929,2.1604399140,1.0000000000
1.2902187527,0.1430857830,1.0000000000
1.9065810020,3.4862109045,1.0000000000
2.7514229210,2.2930618176,1.0000000000
1.7672624517,2.1144743802,1.0000000000
2.6293636053,0.3176248767,1.0000000000
1.5460352328,0.5961856713,1.0000000000
2.0288679970,1.9218145366,1.0000000000
1.5905282794,2.8157368735,1.0000000000
2.8819248755,0.4907120972,1.0000000000
2.9706322417,1.8819916053,1.0000000000
2.8735454975,1.6803775906,1.0000000000
1.9563422016,1.9266117422,1.0000000000
1.4296581665,0.0119356367,1.0000000000
2.2855135194,1.6349389900,1.0000000000
1.9434022076,0.4526575592,1.0000000000
2.8692093110,0.6320971392,1.0000000000
1.2972759929,2.6006425762,1.0000000000
2.8085200080,3.9263611673,1.0000000000
1.0515621354,1.7821385866,1.0000000000
2.1359886315,1.3851613708,1.0000000000
1.5151919896,3.2329294583,1.0000000000
2.4337756164,0.7889061184,1.0000000000
1.4070142834,0.6800898421,1.0000000000
1.1436810353,3.4685048037,1.0000000000
1.7021450073,2.9205862309,1.0000000000
2.5012718434,2.9492398404,1.0000000000
2.7909033439,3.5303758906,1.0000000000
2.3829344329,2.2451616066,1.0000000000
1.2090998276,2.6678763879,1.0000000000
1.9938519220,0.5241942504,1.0000000000
1.3251065569,3.3798420621,1.0000000000
2.9095513826,2.6381861276,1.0000000000
1.7668863156,3.8899014881,1.0000000000
2.2707929738,2.0827972506,1.0000000000
1.7620952020,1.3170323236,1.0000000000
2.9906617783,1.6165968892,1.0000000000
1.9828837555,3.4018812059,1.0000000000
1.4843398391,0.9751227757,1.0000000000
2.8161127369,2.1431184159,1.0000000000
1.2093060781,0.2760110333,1.0000000000
2.5312964347,1.5604036165,1.0000000000
1.8524442657,-0.3376178001,1.0000000000
1.3517730265,-3.2025198286,1.0000000000
2.8519212192,-3.4649825172,1.0000000000
1.8654959150,-2.0461244374,1.0000000000
2.0587007077,-0.2305285499,1.0000000000
2.1561735476,-3.3283531619,1.0000000000
1.5246993023,-0.7132646794,1.0000000000
1.0153236233,-1.5637333297,1.0000000000
2.1845059173,-1.5869156223,1.0000000000
1.5422836158,-3.5294655379,1.0000000000
2.4409410857,-1.7257799196,1.0000000000
1.4812390028,-3.2238642240,1.0000000000
2.9768834892,-1.1847841290,1.0000000000
1.7642373512,-3.7383644149,1.0000000000
1.7633631060,-3.6907166807,1.0000000000
1.8070214968,-1.7333533552,1.0000000000
2.7363211474,-3.3113926916,1.0000000000
2.6213664477,-2.8641723957,1.0000000000
1.9621362373,-3.8012655812,1.0000000000
2.3531691946,-1.6415115333,1.0000000000
2.6814604271,-2.2822306763,1.0000000000
1.1311432577,-3.9091738584,1.0000000000
2.6367720540,-0.8915164479,1.0000000000
1.6905090654,-1.5391628595,1.0000000000
1.0118915412,-1.5813703166,1.0000000000
2.5782763925,-1.3843774081,1.0000000000
2.4287083839,-3.5099555162,1.0000000000
2.7065079489,-0.4388498783,1.0000000000
1.3291599110,-2.6293216906,1.0000000000
1.0549226689,-1.7067437601,1.0000000000
2.3580049468,-3.1802480782,1.0000000000
2.5951815748,-1.6569787219,1.0000000000
1.1938019599,-0.4852384543,1.0000000000
2.7206866349,-0.2658709854,1.0000000000
2.5007134568,-3.1401173612,1.0000000000
2.6844424950,-2.2069202895,1.0000000000
1.9802508319,-3.8438111220,1.0000000000
2.6705785969,-0.2922382957,1.0000000000
2.8041499167,-3.6083529305,1.0000000000
1.9441302563,-0.0873560399,1.0000000000
1.1242988391,-0.8749953839,1.0000000000
1.2335973818,-0.4332510045,1.0000000000
1.7521366403,-3.9886385210,1.0000000000
1.4250962064,-0.9366157482,1.0000000000
2.9979151778,-3.0929513735,1.0000000000
2.3091574563,-2.3581013934,1.0000000000
1.4081344385,-1.6988475815,1.0000000000
2.4598324609,-3.7314973448,1.0000000000
2.8560991212,-0.5874253193,1.0000000000
2.2960738577,-2.5547678123,1.0000000000
2.1590319412,-0.5044872453,1.0000000000
1.2063221414,-2.9409853664,1.0000000000
2.8414710427,-0.6434882975,1.0000000000
1.4059786551,-2.8699132754,1.0000000000
1.5316724324,-2.5729576804,1.0000000000
2.7958583644,-3.2364259509,1.0000000000
1.6720114219,-1.8633351932,1.0000000000
2.3880996716,-2.9407835107,1.0000000000
2.2789859323,-3.4167274314,1.0000000000
1.1082187898,-0.7944337924,1.0000000000
1.0349210060,-3.3659874293,1.0000000000
1.6723542825,-1.4643019106,1.0000000000
2.6423196155,-2.8991197068,1.0000000000
2.7885793036,-2.1028855672,1.0000000000
2.6497353064,-2.4921444698,1.0000000000
2.3797631104,-3.7162400425,1.0000000000
2.5026359823,-2.1234342240,1.0000000000
1.6793747078,-3.2136542770,1.0000000000
2.9166577238,-2.0466252569,1.0000000000
2.1900442072,-0.1948172695,1.0000000000
1.8814443609,-2.6351196538,1.0000000000
2.7078822948,-1.2897483015,1.0000000000
2.1651593532,-1.1747307637,1.0000000000
2.5083615157,-0.2188311362,1.0000000000
2.4608311767,-0.7471494459,1.0000000000
1.2452844793,-2.1821697224,1.0000000000
1.8613696209,-0.5570993824,1.0000000000
2.7840096993,-3.6161883041,1.0000000000
2.2881531282,-1.6612731992,1.0000000000
2.7849775052,-3.8453818461,1.0000000000
2.2194792619,-3.8099318418,1.0000000000
1.3094733055,-0.8506972317,1.0000000000
1.4479317153,-0.7411538913,1.0000000000
1.4526637472,-1.7637489895,1.0000000000
1.7877994972,-2.5740201951,1.0000000000
1.8411059980,-0.8593535699,1.0000000000
2.6998665193,-2.8072455233,1.0000000000
1.6552155950,-0.1738691469,1.0000000000
1.5762142949,-1.0362652479,1.0000000000
1.9253548246,-3.3347653412,1.0000000000
1.0323692306,-0.9727726039,1.0000000000
2.7511564360,-3.0919396220,1.0000000000
1.2652488547,-0.2949461570,1.0000000000
1.3270297507,-1.5136774352,1.0000000000
2.3246626634,-3.4827625164,1.0000000000
2.5486979709,-3.2453408619,1.0000000000
1.0288943973,-3.3250688852,1.0000000000
2.8700719495,-3.5009994940,1.0000000000
1.4937648045,-2.9803034885,1.0000000000
2.4308302411,-3.8368776739,1.0000000000
2.2083779386,-3.8613649213,1.0000000000
2.1321893087,-2.3995454152,1.0000000000
1.1839272459,-1.5128494887,1.0000000000
2.9477598552,-2.0085543827,1.0000000000
2.0333511225,-0.0568534638,1.0000000000
2.8152372537,-1.2843667054,1.0000000000
1.6161161913,-1.1130924691,1.0000000000
1.2450458767,-1.7159206721,1.0000000000
2.5130404580,-2.2654362587,1.0000000000
2.5217300360,-2.4524818808,1.0000000000
2.4861840645,-3.4625665233,1.0000000000
1.6866221705,-3.0041656868,1.0000000000
2.4561988553,-3.2534935300,1.0000000000
2.3340169461,-3.7826126483,1.0000000000
2.0945325456,-3.5797208005,1.0000000000
2.0946586330,-2.4071198903,1.0000000000
1.2498579792,-3.7394307104,1.0000000000
1.1202441246,-0.4081726742,1.0000000000
1.0216206917,-0.8516713375,1.0000000000
2.5092307548,-1.5494572398,1.0000000000
1.1355030536,-0.2202622544,1.0000000000
2.1995836522,-0.2923720276,1.0000000000
2.7768096616,-2.4779371544,1.0000000000
1.3665167017,-0.4495011983,1.0000000000
2.3788376226,-1.5576446387,1.0000000000
2.8240647830,-3.2474403010,1.0000000000
1.8095846969,-0.1825821164,1.0000000000
2.0057194150,-2.2640418096,1.0000000000
1.7885556732,-1.0430482761,1.0000000000
2.3238400972,-1.8218548142,1.0000000000
2.6252644684,-3.2961184402,1.0000000000
2.5645602605,-3.5494795339,1.0000000000
2.7274502109,-3.4544455719,1.0000000000
2.2606873463,-2.3180342365,1.0000000000
1.3018540232,-1.4799166701,1.0000000000
2.7921063987,-0.3943512331,1.0000000000
1.3176392647,-2.2921633511,1.0000000000
1.5365409971,-2.7365990983,1.0000000000
1.9479122532,-1.1476579000,1.0000000000
2.5596331736,-3.2109254011,1.0000000000
1.5253309785,-1.9482516755,1.0000000000
1.0782441389,-0.0642976674,1.0000000000
2.6201594955,-2.7953466462,1.0000000000
1.0157578134,-1.5916902402,1.0000000000
2.9239106132,-0.0146563272,1.0000000000
1.5518588532,-1.7150801343,1.0000000000
1.1033963928,-2.6156398993,1.0000000000
2.5811630153,-0.6732145477,1.0000000000
2.2997089610,-2.2584706632,1.0000000000
2.5855688804,-0.8691544183,1.0000000000
1.6421549029,-3.9126156104,1.0000000000
1.3823769923,-2.7359104576,1.0000000000
2.6824995284,-2.8229577330,1.0000000000
1.0242967869,-3.3163578051,1.0000000000
2.7091862497,-0.8237126539,1.0000000000
1.4052925544,-0.3086901105,1.0000000000
2.7504965906,-0.2152431531,1.0000000000
1.1611942629,-1.4215139235,1.0000000000
2.9993640567,-1.8849985747,1.0000000000
2.6363569929,-0.9129911536,1.0000000000
2.9043726423,-3.4858569123,1.0000000000
1.8904359847,-2.7487780200,1.0000000000
1.1685595437,-2.0615925812,1.0000000000
1.0798318047,-1.9181418188,1.0000000000
2.2375464719,-3.1667958584,1.0000000000
2.7996115767,-0.2473586676,1.0000000000
1.2324879439,-1.4341505298,1.0000000000
1.1519170491,-1.9672368273,1.0000000000
2.3390507801,-2.3270273849,1.0000000000
2.6163303934,-1.6540179759,1.0000000000
1.4236172302,-2.7739057715,1.0000000000
1.4037763363,-3.6114032679,1.0000000000
2.6387537632,-1.2266963752,1.0000000000
1.1842521561,-0.1178524355,1.0000000000
1.1313121890,-0.9442700824,1.0000000000
2.3251067958,-1.3483200396,1.0000000000
1.5400467978,-1.9568086131,1.0000000000
2.6473453413,-1.6552937969,1.0000000000
2.1412859537,-3.7763092861,1.0000000000
2.4076462513,-2.4853568233,1.0000000000
1.4774170215,-3.8423509199,1.0000000000
2.4691590711,-2.7603858910,1.0000000000
2.5584521180,-3.1704045259,1.0000000000
2.7707983495,-3.0066587316,1.0000000000
2.9801335820,-2.5026298543,1.0000000000
1.4364413536,-2.3630277983,1.0000000000
2.6686190131,-0.7394688991,1.0000000000
2.8980106912,-2.6715134077,1.0000000000
1.8544667200,-2.6051246809,1.0000000000
2.1578963560,-2.9616408558,1.0000000000
1.2364848855,-0.6916765991,1.0000000000
1.9180521727,-0.5484690052,1.0000000000
2.9542509044,-3.4469453191,1.0000000000
2.8835714568,-0.6710429104,1.0000000000
1.2479530948,-3.2729076167,1.0000000000
2.3603332104,-2.5127535185,1.0000000000
1.0238868044,-1.6410632451,1.0000000000
1.1233048256,-2.5237500527,1.0000000000
1.7533808296,-2.1835377618,1.0000000000
2.6030925100,-1.6522940358,1.0000000000
-1.1498826801,2.6370179609,-1.0000000000
-2.6056343267,3.7544209822,-1.0000000000
-1.8343856182,2.7063345682,-1.0000000000
-1.8438040195,1.3207539047,-1.0000000000
-1.1278487067,3.1415226616,-1.0000000000
-2.2399448357,1.8530844334,-1.0000000000
-2.8923803765,1.4829408594,-1.0000000000
-1.4401432700,1.7175820418,-1.0000000000
-1.8282369428,0.8367408147,-1.0000000000
-2.5404996758,0.9660885595,-1.0000000000
-1.3800368893,0.8748464234,-1.0000000000
-2.3750990006,1.1284276247,-1.0000000000
-2.2826401542,1.2733483884,-1.0000000000
-2.3139308291,0.8858714310,-1.0000000000
-2.4643409336,2.1589389482,-1.0000000000
-1.9201653375,1.5756672065,-1.0000000000
-2.1207052886,3.1190679307,-1.0000000000
-1.7378913679,3.0912853378,-1.0000000000
-1.6965315927,1.6800395019,-1.0000000000
-2.4902472029,3.0100605513,-1.0000000000
-1.1098822214,3.2757770181,-1.0000000000
-1.5695458407,2.2264431340,-1.0000000000
-2.4170765702,0.6955160045,-1.0000000000
-1.2700147259,0.2748888631,-1.0000000000
-1.1817204355,2.9354710095,-1.0000000000
-2.4530671182,2.6675118592,-1.0000000000
-1.4035322744,2.9490061407,-1.0000000000
-1.4982548361,3.0790734842,-1.0000000000
-2.0230908662,0.9728382682,-1.0000000000
-1.6977346109,0.4542880056,-1.0000000000
-1.3323310116,0.0666135468,-1.0000000000
-2.6030389180,0.5754016883,-1.0000000000
-1.3546716072,0.3034776198,-1.0000000000
-2.8027647622,3.8710208079,-1.0000000000
-1.5622217072,2.9548622676,-1.0000000000
-1.0452555016,1.7398423221,-1.0000000000
-2.1590870052,2.8559618067,-1.0000000000
-2.5519202870,3.6612103545,-1.0000000000
-2.5750542376,0.6047252548,-1.0000000000
-2.8531873093,1.5366626307,-1.0000000000
-2.6530311602,2.8597621594,-1.0000000000
-1.5013233484,3.2858979011,-1.0000000000
-1.9236212241,1.5474773669,-1.0000000000
-1.3414386587,3.2021673673,-1.0000000000
-2.1668362234,3.9892562729,-1.0000000000
-1.0150020030,0.9616150824,-1.0000000000
-1.6708202049,1.0653375565,-1.0000000000
-1.6186779964,1.2241407751,-1.0000000000
-1.7642316773,1.0125677953,-1.0000000000
-1.6195980135,1.0492789853,-1.0000000000
-2.7436543488,0.1104017141,-1.0000000000
-2.6758382723,2.5106466674,-1.0000000000
-2.6154664101,2.1093425226,-1.0000000000
-1.1728324847,0.1607137862,-1.0000000000
-2.5981644773,1.1727388482,-1.0000000000
-2.9081341196,1.5941033349,-1.0000000000
-2.1800673353,1.1794052659,-1.0000000000
-1.2035618156,0.0623757962,-1.0000000000
-1.9214177241,2.9521759142,-1.0000000000
-1.5871930770,2.1398543739,-1.0000000000
-2.4554611369,1.6098759402,-1.0000000000
-1.4692586024,2.0263348699,-1.0000000000
-2.5622895464,0.3519385864,-1.0000000000
-1.0192896981,3.5113345714,-1.0000000000
-2.8991653910,2.3797612311,-1.0000000000
-1.1148276061,0.7660069240,-1.0000000000
-1.8460852478,0.5730893308,-1.0000000000
-1.0557359738,0.1572895422,-1.0000000000
-2.9398984313,3.0010625154,-1.0000000000
-1.2958653377,3.9762913144,-1.0000000000
-2.7684796929,2.1876136967,-1.0000000000
-1.9365851339,1.1873280502,-1.0000000000
-1.3324539776,1.5529011873,-1.0000000000
-2.7631981833,2.6389828758,-1.0000000000
-1.3040732340,2.1524358394,-1.0000000000
-2.3874287087,0.2733162302,-1.0000000000
-1.4881342757,0.0726992125,-1.0000000000
-2.8984435333,3.8097788046,-1.0000000000
-2.6120241240,0.8070334977,-1.0000000000
-1.4083589828,0.7720962914,-1.0000000000
-1.5670520553,1.9588801374,-1.0000000000
-1.7609008773,1.8658283197,-1.0000000000
-2.8605188807,2.4678952591,-1.0000000000
-1.5293210129,1.6061951317,-1.0000000000
-2.9680886566,0.5774653341,-1.0000000000
-1.7579909403,0.5167855127,-1.0000000000
-1.9014261643,1.9939483336,-1.0000000000
-1.3818084086,3.9827437274,-1.0000000000
-2.3240565803,0.9178527335,-1.0000000000
-1.0582527763,1.4607131162,-1.0000000000
-2.4794460277,2.3298517853,-1.0000000000
-2.0771402137,3.5869044996,-1.0000000000
-1.9946195532,1.0876560790,-1.0000000000
-2.7527901699,0.4801996757,-1.0000000000
-1.9986665006,2.8437107817,-1.0000000000
-1.9371625864,1.6726588792,-1.0000000000
-1.6798971287,2.8037278967,-1.0000000000
-2.3646925271,2.3103328045,-1.0000000000
-1.2314003321,0.7729731858,-1.0000000000
-1.3678553652,2.0165189446,-1.0000000000
-1.1450342267,1.5083437222,-1.0000000000
-2.7621997230,1.8624569127,-1.0000000000
-1.7647755914,0.2048046018,-1.0000000000
-1.1013631019,3.6679601660,-1.0000000000
-1.1088733419,2.4870525701,-1.0000000000
-1.1441913890,2.7542254554,-1.0000000000
-2.7034998096,2.7336290421,-1.0000000000
-2.5971801790,0.5230927007,-1.0000000000
-2.0049753278,2.9556661430,-1.0000000000
-2.1017482453,1.8656507169,-1.0000000000
-2.9688295252,0.4458216694,-1.0000000000
-2.1639684595,0.7529889000,-1.0000000000
-2.7570018096,1.9611441438,-1.0000000000
-1.5769325297,1.4399832901,-1.0000000000
-2.1413487488,0.9836396301,-1.0000000000
-2.6351181091,1.0460579653,-1.0000000000
-1.8202989729,0.7849342531,-1.0000000000
-2.5738952962,0.4068309307,-1.0000000000
-2.3849629976,3.4548985367,-1.0000000000
-2.1601723731,1.3338484013,-1.0000000000
-1.3140518198,2.2890643885,-1.0000000000
-1.8141138060,2.8955487030,-1.0000000000
-2.4651729987,3.0506011775,-1.0000000000
-1.4928986619,3.5991869399,-1.0000000000
-1.8705379077,2.0056614673,-1.0000000000
-1.3787222868,3.6072317782,-1.0000000000
-2.1259870927,2.2900168206,-1.0000000000
-1.8595008793,1.3572239772,-1.0000000000
-2.7750154867,2.3842455451,-1.0000000000
-1.3404256083,0.5113207884,-1.0000000000
-1.5021758470,3.2574117448,-1.0000000000
-1.8610393349,0.1410966576,-1.0000000000
-1.1620128105,3.6255113887,-1.0000000000
-1.5106368686,0.2202848970,-1.0000000000
-2.2064354258,3.0673955451,-1.0000000000
-2.9323159412,0.0829023502,-1.0000000000
-2.2398290184,0.6750760926,-1.0000000000
-2.0495225514,2.4264071122,-1.0000000000
-2.5685427631,2.0143872463,-1.0000000000
-2.5502125254,3.7249097670,-1.0000000000
-2.3412469208,1.4849796008,-1.0000000000
-1.1558882383,3.7898521094,-1.0000000000
-1.2475397798,1.0439584047,-1.0000000000
-1.7857330635,1.1998566240,-1.0000000000
-2.7254731079,1.6809576457,-1.0000000000
-1.7800444477,2.7098599676,-1.0000000000
-1.2021336946,2.8184240415,-1.0000000000
-1.6294766640,3.7473376888,-1.0000000000
-2.0522988648,2.4464819438,-1.0000000000
-2.4084773920,3.6402980576,-1.0000000000
-1.0435547346,0.7808948471,-1.0000000000
-2.1130710372,0.7739452042,-1.0000000000
-2.3628011177,3.4353815285,-1.0000000000
-2.9905483461,0.1560445822,-1.0000000000
-2.5368551745,1.4535053821,-1.0000000000
-2.8342840683,2.6061676758,-1.0000000000
-1.1855814748,0.4707065650,-1.0000000000
-2.8560113611,2.5496217423,-1.0000000000
-2.5598165318,2.3098156004,-1.0000000000
-2.0865433758,1.4855205392,-1.0000000000
-1.1708067750,0.1112965009,-1.0000000000
-1.0980158202,2.3467372683,-1.0000000000
-2.7305973451,2.4826773472,-1.0000000000
-2.9370956967,3.1309567611,-1.0000000000
-2.9585803418,0.3331872301,-1.0000000000
-1.2741436341,2.8809435476,-1.0000000000
-2.7736797726,1.7127677107,-1.0000000000
-2.8806816861,2.0920065411,-1.0000000000
-1.6759574788,0.8466651077,-1.0000000000
-2.8646099358,3.7929241036,-1.0000000000
-2.1061084764,1.6007868716,-1.0000000000
-1.3696951252,2.1033120218,-1.0000000000
-1.5799438819,1.5839409314,-1.0000000000
-2.3939290184,1.0760420791,-1.0000000000
-2.5725717088,3.0580772588,-1.0000000000
-1.1338473856,0.6068469432,-1.0000000000
-2.2833425143,0.4288659811,-1.0000000000
-1.9901032050,1.2848000628,-1.0000000000
-1.8330363510,1.7065199725,-1.0000000000
-1.4537257549,1.2457792003,-1.0000000000
-2.8801170079,2.6775927971,-1.0000000000
-1.3689080255,3.2796038812,-1.0000000000
-1.0166082769,3.2070762996,-1.0000000000
-1.1554791643,3.1884298271,-1.0000000000
-2.5358187839,1.4133555525,-1.0000000000
-1.3699853006,1.6023548445,-1.0000000000
-2.5667816270,3.1049624526,-1.0000000000
-2.4032409320,3.3025813542,-1.0000000000
-2.6553644476,1.8087151588,-1.0000000000
-2.3068580115,2.8848435102,-1.0000000000
-2.8767454660,1.5501421718,-1.0000000000
-2.5450550790,2.0764453650,-1.0000000000
-1.8275771668,3.4438536254,-1.0000000000
-1.9343179704,2.0813578543,-1.0000000000
-1.4167796803,0.6895906304,-1.0000000000
-2.2995789904,0.4523765678,-1.0000000000
-1.8932382564,0.3471834668,-1.0000000000
-1.2681601962,3.1110443808,-1.0000000000
-2.8395762538,2.3366498836,-1.0000000000
-1.5445628821,0.4742278666,-1.0000000000
-2.2242103104,-2.6416292493,-1.0000000000
-1.4609474893,-3.5783896343,-1.0000000000
-1.0822641965,-0.1083979994,-1.0000000000
-2.8987101509,-0.2149306658,-1.0000000000
-1.2316333339,-2.5498736713,-1.0000000000
-2.1117431575,-2.6461287302,-1.0000000000
-1.3324665732,-1.4773339018,-1.0000000000
-1.0639947859,-2.7996674935,-1.0000000000
-2.7964243328,-3.3866865862,-1.0000000000
-1.9170341175,-2.0381932758,-1.0000000000
-2.5375928598,-0.0625182309,-1.0000000000
-2.0149044624,-0.6650734313,-1.0000000000
-1.5403836434,-1.9506106128,-1.0000000000
-2.2669367689,-1.8573157017,-1.0000000000
-1.4553868768,-0.1388380860,-1.0000000000
-1.5330168172,-1.6216189191,-1.0000000000
-2.4526652206,-0.7765256964,-1.0000000000
-1.3753028261,-2.9048780614,-1.0000000000
-1.7403265023,-3.7655338518,-1.0000000000
-1.9416959247,-3.2588105042,-1.0000000000
-2.2134454348,-1.0296063123,-1.0000000000
-1.7139774162,-2.1275815532,-1.0000000000
-2.6626206904,-2.6008767809,-1.0000000000
-2.8680250274,-0.1300390663,-1.0000000000
-1.7808771634,-0.9118533832,-1.0000000000
-2.5780203671,-2.5021127480,-1.0000000000
-1.7669595058,-3.2086619679,-1.0000000000
-1.2965009264,-1.5310078411,-1.0000000000
-2.8275118766,-1.8290027585,-1.0000000000
-2.2461558338,-1.9994511468,-1.0000000000
-1.0264197760,-3.1346568375,-1.0000000000
-2.9421918314,-3.3825342430,-1.0000000000
-2.0208125400,-3.8925567841,-1.0000000000
-2.4633388935,-2.8531483435,-1.0000000000
-1.5691022133,-2.7207529222,-1.0000000000
-2.8842048606,-2.2895639389,-1.0000000000
-1.8764564469,-1.9712499844,-1.0000000000
-1.3853190418,-1.6287855077,-1.0000000000
-2.3490024754,-3.9240884053,-1.0000000000
-1.4396069734,-1.4824967898,-1.0000000000
-2.0866899935,-1.3975646257,-1.0000000000
-2.9980365680,-2.3335272541,-1.0000000000
-2.9450461469,-1.8581080102,-1.0000000000
-2.2893568796,-3.3052954019,-1.0000000000
-1.1462990820,-2.7809988370,-1.0000000000
-1.9721318547,-1.0807824496,-1.0000000000
-2.7083085915,-1.8250200882,-1.0000000000
-2.0472904016,-1.2439025139,-1.0000000000
-1.6490070598,-1.8793837896,-1.0000000000
-1.4922875194,-3.2728961469,-1.0000000000
-2.9339769403,-1.7631675883,-1.0000000000
-2.8135058889,-1.2308192052,-1.0000000000
-2.7123389436,-1.3678626044,-1.0000000000
-2.2622725515,-3.4963525181,-1.0000000000
-1.3679366863,-2.0736850224,-1.0000000000
-2.4029156609,-0.4913643647,-1.0000000000
-1.5704955365,-2.0032854058,-1.0000000000
-1.5100503523,-0.1575113329,-1.0000000000
-1.4208742542,-0.8019736197,-1.0000000000
-2.2736187430,-3.0813351486,-1.0000000000
-2.5473171291,-3.4648588036,-1.0000000000
-2.6066193254,-0.9107543504,-1.0000000000
-1.5755260565,-3.9922487631,-1.0000000000
-2.8045559675,-1.3494957306,-1.0000000000
-1.3849014895,-0.9998275043,-1.0000000000
-1.5422976712,-2.7991634830,-1.0000000000
-2.0902526387,-0.7820454178,-1.0000000000
-1.9367004082,-2.4061842376,-1.0000000000
-2.6010027374,-1.0266068199,-1.0000000000
-1.7497587121,-3.1030594216,-1.0000000000
-2.3764362171,-0.0977562774,-1.0000000000
-1.6803262503,-2.8085852871,-1.0000000000
-1.4378326482,-1.6029517497,-1.0000000000
-2.5665985233,-2.2529309592,-1.0000000000
-2.6405362551,-2.2016628953,-1.0000000000
-2.1246895193,-3.4806837281,-1.0000000000
-1.9030605813,-0.1888433021,-1.0000000000
-2.0968166744,-3.2198968827,-1.0000000000
-1.0200782950,-3.8042516288,-1.0000000000
-2.2088661454,-2.7889635700,-1.0000000000
-1.9901806525,-0.7054218699,-1.0000000000
-1.2121735486,-1.3669770604,-1.0000000000
-2.9913885495,-2.9198444890,-1.0000000000
-1.1932430515,-2.5941516285,-1.0000000000
-2.7526360477,-1.0884589110,-1.0000000000
-1.1763062905,-1.4466242062,-1.0000000000
-2.9628463617,-0.4122302781,-1.0000000000
-2.3824650048,-0.4283564165,-1.0000000000
-2.6170275678,-3.2167079427,-1.0000000000
-2.6050628649,-2.5122372616,-1.0000000000
-2.7190973170,-2.4169892897,-1.0000000000
-1.1240359478,-1.6340776091,-1.0000000000
-2.7363344812,-2.5384400073,-1.0000000000
-1.8654797565,-2.2458155222,-1.0000000000
-1.5498787732,-2.2517679233,-1.0000000000
-1.9997534414,-1.4421802898,-1.0000000000
-1.9863216603,-1.1493456865,-1.0000000000
-1.1173693337,-1.4088325404,-1.0000000000
-1.5981415190,-1.8970907295,-1.0000000000
-2.3301780398,-0.8014324285,-1.0000000000
-1.6858675439,-0.6109394228,-1.0000000000
-2.1475622045,-3.2698786002,-1.0000000000
-1.4475618895,-0.1387960059,-1.0000000000
-2.2725331384,-2.9993642226,-1.0000000000
-1.8369667974,-2.8907431444,-1.0000000000
-2.4582963206,-2.9345295480,-1.0000000000
-2.2554562120,-2.3764209463,-1.0000000000
-1.9725247972,-0.8913719594,-1.0000000000
-1.3191101289,-1.9378611564,-1.0000000000
-2.8450179629,-1.7050028424,-1.0000000000
-1.4629521967,-1.2647927779,-1.0000000000
-1.7814392981,-3.8622088176,-1.0000000000
-2.7915277827,-0.0819982943,-1.0000000000
-1.0223061192,-1.7791633004,-1.0000000000
-1.5233056453,-1.1695682041,-1.0000000000
-2.7813756599,-1.2904926813,-1.0000000000
-2.8620587110,-1.5685250154,-1.0000000000
-2.7058558760,-0.6710533093,-1.0000000000
-2.6531933565,-1.7598627865,-1.0000000000
-2.0376617988,-1.6233640379,-1.0000000000
-1.7339905774,-1.1638902907,-1.0000000000
-1.8005359808,-3.9561607036,-1.0000000000
-2.1386532378,-0.6147375075,-1.0000000000
-2.8196186303,-2.4655116265,-1.0000000000
-1.0886357095,-1.2152517133,-1.0000000000
-2.3149328248,-1.0935013686,-1.0000000000
-2.5689466649,-3.4676555152,-1.0000000000
-2.7400302374,-2.9187621445,-1.0000000000
-1.5674161938,-0.2593215852,-1.0000000000
-2.1031428414,-0.0692577075,-1.0000000000
-2.0521013377,-0.5459737356,-1.0000000000
-1.7266575237,-2.5662868755,-1.0000000000
-2.2278013278,-2.1803069938,-1.0000000000
-1.1254923121,-1.5390439292,-1.0000000000
-2.6480830513,-2.9000109755,-1.0000000000
-1.2837453322,-0.4109809088,-1.0000000000
-2.3456783155,-0.0815473300,-1.0000000000
-2.6144973318,-0.9469126029,-1.0000000000
-2.7325525345,-1.5872192396,-1.0000000000
-2.6689814407,-2.0295545211,-1.0000000000
-2.8137683004,-1.5793708302,-1.0000000000
-2.5655203247,-0.6000174117,-1.0000000000
-1.9721902605,-2.7467237287,-1.0000000000
-2.9565410416,-3.1646968222,-1.0000000000
-2.2331984589,-3.6072303940,-1.0000000000
-2.7838456244,-1.6021533694,-1.0000000000
-1.3234717887,-0.7290626029,-1.0000000000
-2.1751885022,-1.3420373478,-1.0000000000
-1.2273100369,-1.4859304335,-1.0000000000
-2.7848960002,-2.1140974200,-1.0000000000
-2.1622127182,-0.5919737350,-1.0000000000
-1.0251295563,-2.6275322072,-1.0000000000
-1.9272077668,-3.6168598395,-1.0000000000
-1.1966086919,-3.1902866570,-1.0000000000
-1.8294068798,-2.9283244191,-1.0000000000
-2.5253789999,-0.7754864809,-1.0000000000
-2.6258058396,-0.2321864216,-1.0000000000
-1.2471252330,-0.2274006916,-1.0000000000
-1.0677900214,-3.3294416865,-1.0000000000
-1.3258012164,-2.4154408595,-1.0000000000
-2.4761177728,-2.5510336548,-1.0000000000
-1.6980462555,-3.7948345299,-1.0000000000
-1.1065500975,-2.8607800567,-1.0000000000
-2.7231952038,-1.8262495840,-1.0000000000
-2.6353174837,-1.2803200046,-1.0000000000
-1.6735810917,-1.2246984660,-1.0000000000
-1.4723618206,-2.8226062066,-1.0000000000
-2.3929762703,-1.2898788058,-1.0000000000
-1.9177086865,-2.1206153720,-1.0000000000
-1.9271597321,-3.9094443063,-1.0000000000
-1.6703854284,-3.1298954928,-1.0000000000
-2.3720329551,-2.8766118684,-1.0000000000
-1.1940494423,-1.7291820756,-1.0000000000
-2.6639262495,-2.8762787221,-1.0000000000
-1.2178214601,-0.8000375617,-1.0000000000
-1.0986141115,-3.3536405347,-1.0000000000
-1.1676001199,-0.3994102498,-1.0000000000
-1.7292553733,-0.6530621790,-1.0000000000
-2.2463640411,-0.6266078059,-1.0000000000
-2.5400978530,-3.0511672433,-1.0000000000
-2.1819525713,-2.5798096894,-1.0000000000
-1.1029099692,-1.7775566478,-1.0000000000
-1.9148961653,-3.9909596470,-1.0000000000
-1.1155999373,-0.2097940013,-1.0000000000
-1.3460938258,-2.9646771004,-1.0000000000
-1.5081086564,-2.1676142160,-1.0000000000
-2.5693617602,-2.7603829580,-1.0000000000
-2.5802939136,-2.5497618953,-1.0000000000
-2.5444572063,-3.3456338486,-1.0000000000
-2.3358919095,-0.3910883116,-1.0000000000
-2.0016061250,-1.7010659557,-1.0000000000
-2.4493639952,-3.3003438452,-1.0000000000
-1.4999436473,-0.4728591470,-1.0000000000
-2.4959663381,-3.4774518213,-1.0000000000
-1.1899064513,-2.6705020731,-1.0000000000
-1.5651283322,-3.8212759197,-1.0000000000
-1.3507856335,-3.3991514338,-1.0000000000
-2.4097761206,-3.9327728366,-1.0000000000
-2.1194718971,-1.6871471832,-1.0000000000
-1.9964116811,-2.6494093375,-1.0000000000
