-1.0000000000,1.7379493301,3.7015375279,1.0000000000
-1.0000000000,2.2773095164,2.5958824988,1.0000000000
-1.0000000000,2.0027736041,1.9056247706,1.0000000000
-1.0000000000,1.6165910202,3.0850354214,1.0000000000
-1.0000000000,1.6550657546,1.6265140937,1.0000000000
-1.0000000000,2.1605459705,0.0486531507,1.0000000000
-1.0000000000,1.2410732403,0.3360151224,1.0000000000
-1.0000000000,1.2615921643,2.7785289332,1.0000000000
-1.0000000000,1.0658211439,3.7497159086,1.0000000000
-1.0000000000,2.5592349663,2.1884139301,1.0000000000
-1.0000000000,2.6155952980,3.0029124679,1.0000000000
-1.0000000000,2.6956177861,0.8713640553,1.0000000000
-1.0000000000,1.8694002008,0.7844929041,1.0000000000
-1.0000000000,2.7838946172,0.9486813680,1.0000000000
-1.0000000000,2.3686050995,1.8141372948,1.0000000000
-1.0000000000,2.1891569675,0.8408745616,1.0000000000
-1.0000000000,1.7513855913,1.2099572070,1.0000000000
-1.0000000000,2.2217223735,0.9350538184,1.0000000000
-1.0000000000,1.0933475035,1.2461988985,1.0000000000
-1.0000000000,2.4616980950,3.7688982235,1.0000000000
-1.0000000000,1.9562988667,0.7772399299,1.0000000000
-1.0000000000,2.3192112966,0.7118183133,1.0000000000
-1.0000000000,2.7379812085,0.8214841785,1.0000000000
-1.0000000000,2.0093702429,2.6933065359,1.0000000000
-1.0000000000,1.7115658165,3.7696128615,1.0000000000
-1.0000000000,1.8775809697,0.2816414198,1.0000000000
-1.0000000000,1.8796472144,3.4753184657,1.0000000000
-1.0000000000,1.2696718313,3.9661332313,1.0000000000
-1.0000000000,1.5898628363,3.0594245686,1.0000000000
-1.0000000000,2.7910165577,3.0948859053,1.0000000000
-1.0000000000,1.6548934386,0.1575558870,1.0000000000
-1.0000000000,2.9626361334,2.2566443848,1.0000000000
-1.0000000000,2.4650351615,2.8934565458,1.0000000000
-1.0000000000,1.9765392504,1.2223296446,1.0000000000
-1.0000000000,2.7052655620,0.7722129179,1.0000000000
-1.0000000000,2.9817067108,3.0002239878,1.0000000000
-1.0000000000,2.3673144541,0.3214983445,1.0000000000
-1.0000000000,2.6248329050,3.2083036765,1.0000000000
-1.0000000000,1.9522865301,1.5327767580,1.0000000000
-1.0000000000,1.0374168071,3.9614320236,1.0000000000
-1.0000000000,1.7680664548,2.3952239941,1.0000000000
-1.0000000000,1.5893322808,3.6742893708,1.0000000000
-1.0000000000,2.4223565636,2.6651624750,1.0000000000
-1.0000000000,2.2080629434,0.4240781173,1.0000000000
-1.0000000000,2.9293331570,2.8191838064,1.0000000000
-1.0000000000,2.5679855852,2.6807490550,1.0000000000
-1.0000000000,1.6617956113,2.5027840564,1.0000000000
-1.0000000000,1.7735594982,2.3356195705,1.0000000000
-1.0000000000,2.1447263939,0.1021061137,1.0000000000
-1.0000000000,1.9211585500,1.6431307262,1.0000000000
-1.0000000000,1.5652584642,1.3015816960,1.0000000000
-1.0000000000,2.8302886109,2.5942635955,1.0000000000
-1.0000000000,1.9026602934,2.6429763011,1.0000000000
-1.0000000000,2.9953415175,0.5991313483,1.0000000000
-1.0000000000,2.2285860968,0.8977538214,1.0000000000
-1.0000000000,2.7660710657,2.0062818050,1.0000000000
-1.0000000000,1.3643067689,2.0603308586,1.0000000000
-1.0000000000,2.0038585167,3.5781684535,1.0000000000
-1.0000000000,1.5545636421,3.1148902295,1.0000000000
-1.0000000000,1.5155500142,2.0879879135,1.0000000000
-1.0000000000,1.8099671778,2.0234912559,1.0000000000
-1.0000000000,1.7164727735,3.8850288365,1.0000000000
-1.0000000000,1.9034877145,1.3295281149,1.0000000000
-1.0000000000,1.1367359661,1.8228955298,1.0000000000
-1.0000000000,1.8896465619,0.0684953432,1.0000000000
-1.0000000000,2.7166799288,3.1765748085,1.0000000000
-1.0000000000,2.9670180537,3.4177976756,1.0000000000
-1.0000000000,1.0208424763,3.7206355625,1.0000000000
-1.0000000000,1.9269611890,1.4020955569,1.0000000000
-1.0000000000,1.3855190741,1.7649305472,1.0000000000
-1.0000000000,2.3424689647,3.0340568114,1.0000000000
-1.0000000000,2.9025359132,3.0478054956,1.0000000000
-1.0000000000,1.3552139010,2.9703348717,1.0000000000
-1.0000000000,1.2044090637,2.0794305824,1.0000000000
-1.0000000000,1.2105994162,3.0709487306,1.0000000000
-1.0000000000,2.7383759086,2.3784954687,1.0000000000
-1.0000000000,2.7852141248,3.2860417215,1.0000000000
-1.0000000000,2.0016546608,3.4532940228,1.0000000000
-1.0000000000,2.4153930733,3.2673735876,1.0000000000
-1.0000000000,1.2699962917,1.7258702389,1.0000000000
-1.0000000000,1.6078285737,1.5085614384,1.0000000000
-1.0000000000,2.2263954171,3.9866394569,1.0000000000
-1.0000000000,2.5655853338,0.5141776360,1.0000000000
-1.0000000000,1.6519715976,3.6842552583,1.0000000000
-1.0000000000,1.5178240710,3.1455213222,1.0000000000
-1.0000000000,1.7493978354,0.3336243082,1.0000000000
-1.0000000000,2.3803713299,2.2299213798,1.0000000000
-1.0000000000,2.8312167455,0.6032831237,1.0000000000
-1.0000000000,2.8928353460,2.4296711682,1.0000000000
-1.0000000000,1.1496521673,0.5322102612,1.0000000000
-1.0000000000,1.2181899521,3.7143629067,1.0000000000
-1.0000000000,2.1589827100,2.7045379378,1.0000000000
-1.0000000000,1.0141508873,1.4417661286,1.0000000000
-1.0000000000,1.8896155954,3.6345054320,1.0000000000
-1.0000000000,2.4572963006,1.0548158072,1.0000000000
-1.0000000000,1.2493331692,0.0301218928,1.0000000000
-1.0000000000,1.9081780703,3.5910453863,1.0000000000
-1.0000000000,2.0470191896,2.8228152437,1.0000000000
-1.0000000000,2.4535439742,0.3946518113,1.0000000000
-1.0000000000,2.6388592916,2.7040295118,1.0000000000
-1.0000000000,1.0078899048,1.3623129422,-1.0000000000
-1.0000000000,2.8563655711,3.8843672415,-1.0000000000
-1.0000000000,1.6861561378,1.5476758862,-1.0000000000
-1.0000000000,1.7589987158,1.8856660733,-1.0000000000
-1.0000000000,2.9149764326,3.0770887545,-1.0000000000
-1.0000000000,2.1304202373,2.1637265383,-1.0000000000
-1.0000000000,2.8799085992,3.7195824133,-1.0000000000
-1.0000000000,2.8837323543,0.9317562582,-1.0000000000
-1.0000000000,2.5294759399,2.6299723670,-1.0000000000
-1.0000000000,2.3547886512,2.1774704458,-1.0000000000
-1.0000000000,2.2787453021,3.9496005745,-1.0000000000
-1.0000000000,1.8751857895,0.1177955872,-1.0000000000
-1.0000000000,1.2695544451,1.3541693845,-1.0000000000
-1.0000000000,1.4471602949,1.7145322119,-1.0000000000
-1.0000000000,2.7893529020,1.7107248309,-1.0000000000
-1.0000000000,1.5825671244,2.5114817200,-1.0000000000
-1.0000000000,2.9237004468,3.6428867842,-1.0000000000
-1.0000000000,1.4520277226,2.9920946367,-1.0000000000
-1.0000000000,1.2200830584,3.0173825805,-1.0000000000
-1.0000000000,1.2140930329,1.1129032757,-1.0000000000
-1.0000000000,1.5085310997,3.5351554796,-1.0000000000
-1.0000000000,1.7822261985,2.5161299521,-1.0000000000
-1.0000000000,2.3946661218,0.2982967456,-1.0000000000
-1.0000000000,1.5614782897,2.9467476011,-1.0000000000
-1.0000000000,1.7008364626,1.6656089489,-1.0000000000
-1.0000000000,1.9333623529,1.9739682231,-1.0000000000
-1.0000000000,2.5621493692,0.5650020093,-1.0000000000
-1.0000000000,2.6857736383,1.6245568968,-1.0000000000
-1.0000000000,2.3286044028,0.1818893765,-1.0000000000
-1.0000000000,2.0082067284,1.8087890996,-1.0000000000
-1.0000000000,1.0273554991,1.7061774363,-1.0000000000
-1.0000000000,1.2086842429,2.6544597431,-1.0000000000
-1.0000000000,2.0607034783,2.7662220672,-1.0000000000
-1.0000000000,2.6271269646,1.6926935465,-1.0000000000
-1.0000000000,1.4676717487,3.6792710566,-1.0000000000
-1.0000000000,1.3601980619,2.0722481221,-1.0000000000
-1.0000000000,2.1254745225,3.9866542108,-1.0000000000
-1.0000000000,2.7338842077,3.3547866237,-1.0000000000
-1.0000000000,2.6464270053,2.0254179821,-1.0000000000
-1.0000000000,2.6937943823,1.7377127671,-1.0000000000
-1.0000000000,1.0048888114,2.3418124834,-1.0000000000
-1.0000000000,1.6122752676,0.8415534303,-1.0000000000
-1.0000000000,2.8801517850,1.9063697378,-1.0000000000
-1.0000000000,1.5663318512,0.1807441248,-1.0000000000
-1.0000000000,1.6733443381,1.7135700389,-1.0000000000
-1.0000000000,1.1419206291,0.2893858357,-1.0000000000
-1.0000000000,2.0094340572,1.0550743913,-1.0000000000
-1.0000000000,2.7368939004,3.2310919987,-1.0000000000
-1.0000000000,1.7421122114,3.4501678511,-1.0000000000
-1.0000000000,2.0871910860,1.1773814535,-1.0000000000
-1.0000000000,2.1696266445,1.0308915278,-1.0000000000
-1.0000000000,2.1311076031,0.6349204495,-1.0000000000
-1.0000000000,1.5834985356,1.4996798162,-1.0000000000
-1.0000000000,2.8286561847,1.0756495506,-1.0000000000
-1.0000000000,1.6892252457,1.9566679489,-1.0000000000
-1.0000000000,1.1135183313,3.9133715577,-1.0000000000
-1.0000000000,1.6426770421,2.9241702949,-1.0000000000
-1.0000000000,2.0177870179,3.3073121756,-1.0000000000
-1.0000000000,2.7752329445,3.8860806976,-1.0000000000
-1.0000000000,2.3936314478,2.7608771930,-1.0000000000
-1.0000000000,1.3670515462,0.4507288829,-1.0000000000
-1.0000000000,2.0786641846,1.6899517397,-1.0000000000
-1.0000000000,1.4898918760,3.0649193057,-1.0000000000
-1.0000000000,1.2737969814,1.6480974768,-1.0000000000
-1.0000000000,2.6263902183,3.5551509795,-1.0000000000
-1.0000000000,2.0513518048,2.6507832774,-1.0000000000
-1.0000000000,1.2068269130,3.0445264900,-1.0000000000
-1.0000000000,2.5908653907,1.3008578424,-1.0000000000
-1.0000000000,2.9444946093,0.2267055228,-1.0000000000
-1.0000000000,1.4745033031,2.7756520276,-1.0000000000
-1.0000000000,2.1350650295,3.8588298482,-1.0000000000
-1.0000000000,2.5702413785,3.6031402491,-1.0000000000
-1.0000000000,1.5580961210,3.8226565240,-1.0000000000
-1.0000000000,2.8158625938,1.7667564548,-1.0000000000
-1.0000000000,2.9360749108,2.7848429679,-1.0000000000
-1.0000000000,2.4773088908,2.3451944719,-1.0000000000
-1.0000000000,2.6940671292,3.3666815655,-1.0000000000
-1.0000000000,1.6034899474,2.8967310252,-1.0000000000
-1.0000000000,1.9475977254,2.8963315143,-1.0000000000
-1.0000000000,1.7189669573,2.0534489790,-1.0000000000
-1.0000000000,1.5727781015,1.6728085384,-1.0000000000
-1.0000000000,1.4895577117,2.1574169796,-1.0000000000
-1.0000000000,2.6417042835,3.9378433056,-1.0000000000
-1.0000000000,2.7366526262,3.1884178997,-1.0000000000
-1.0000000000,1.5330607864,0.2457774677,-1.0000000000
-1.0000000000,1.7225819656,0.8509603613,-1.0000000000
-1.0000000000,2.6684704657,0.8643127972,-1.0000000000
-1.0000000000,1.3245796072,1.1470818355,-1.0000000000
-1.0000000000,2.3955360559,0.1137785803,-1.0000000000
-1.0000000000,2.8129814093,1.0479763532,-1.0000000000
-1.0000000000,2.4651662299,0.9544509505,-1.0000000000
-1.0000000000,1.4350999728,1.9089447066,-1.0000000000
-1.0000000000,2.7730284491,3.0737473331,-1.0000000000
-1.0000000000,2.1510014140,1.7008097409,-1.0000000000
-1.0000000000,1.8116925020,3.3534882662,-1.0000000000
-1.0000000000,1.0801456921,0.8765478399,-1.0000000000
-1.0000000000,1.8369375978,0.6704970015,-1.0000000000
-1.0000000000,2.4656494728,1.5251783442,-1.0000000000
-1.0000000000,1.4429192399,1.2836152235,-1.0000000000
-1.0000000000,2.5943606160,1.0627145258,-1.0000000000
-1.0000000000,1.4290256586,-3.3574141830,1.0000000000
-1.0000000000,2.4144064489,-3.0922832093,1.0000000000
-1.0000000000,1.8255339276,-1.0449961690,1.0000000000
-1.0000000000,2.1522443551,-3.1776716870,1.0000000000
-1.0000000000,2.2313866408,-1.8922999915,1.0000000000
-1.0000000000,1.5329381912,-1.0607191451,1.0000000000
-1.0000000000,1.3837058173,-3.7549092018,1.0000000000
-1.0000000000,1.4982388087,-3.3629083497,1.0000000000
-1.0000000000,1.7617477176,-0.2650737009,1.0000000000
-1.0000000000,1.0313618666,-1.6548047557,1.0000000000
-1.0000000000,1.4939528718,-3.1398248387,1.0000000000
-1.0000000000,1.8901360070,-2.9485216440,1.0000000000
-1.0000000000,2.6730015450,-1.2202906277,1.0000000000
-1.0000000000,2.3085001359,-1.9156353927,1.0000000000
-1.0000000000,1.6564844610,-3.1683370169,1.0000000000
-1.0000000000,2.3498835764,-0.7673713671,1.0000000000
-1.0000000000,1.4746659364,-0.4047694311,1.0000000000
-1.0000000000,2.6719968315,-3.5248982600,1.0000000000
-1.0000000000,1.9834270971,-1.6056672917,1.0000000000
-1.0000000000,1.8128395295,-1.1596900872,1.0000000000
-1.0000000000,1.4721763261,-1.9806555057,1.0000000000
-1.0000000000,1.6072960948,-1.2970025952,1.0000000000
-1.0000000000,2.5621244479,-0.4122874812,1.0000000000
-1.0000000000,2.1105552057,-0.2520842943,1.0000000000
-1.0000000000,2.9157314644,-1.6970537604,1.0000000000
-1.0000000000,2.4501043567,-2.1321237060,1.0000000000
-1.0000000000,2.8925209235,-2.1715976173,1.0000000000
-1.0000000000,1.7547103476,-0.6636199449,1.0000000000
-1.0000000000,2.3132891065,-1.2711803195,1.0000000000
-1.0000000000,1.1518240169,-3.7291440302,1.0000000000
-1.0000000000,2.2312726309,-0.7382545651,1.0000000000
-1.0000000000,1.3072940779,-1.3761333128,1.0000000000
-1.0000000000,1.5994888960,-3.7211278948,1.0000000000
-1.0000000000,2.2885634540,-3.1252323758,1.0000000000
-1.0000000000,2.4216813467,-0.4454715079,1.0000000000
-1.0000000000,2.8859919558,-0.5550074460,1.0000000000
-1.0000000000,1.8789450854,-1.7359441284,1.0000000000
-1.0000000000,2.9221485536,-3.9244422746,1.0000000000
-1.0000000000,2.5578615487,-1.3037322723,1.0000000000
-1.0000000000,2.8064825130,-3.4992285636,1.0000000000
-1.0000000000,1.3584784366,-1.2203203955,1.0000000000
-1.0000000000,1.8495120743,-0.5163074519,1.0000000000
-1.0000000000,2.6426010982,-2.2844842176,1.0000000000
-1.0000000000,2.8268595372,-2.0059018372,1.0000000000
-1.0000000000,1.1781752165,-3.7290077388,1.0000000000
-1.0000000000,2.3942443171,-0.8990589267,1.0000000000
-1.0000000000,1.2338492974,-2.7957629048,1.0000000000
-1.0000000000,1.6180636777,-3.6086731966,1.0000000000
-1.0000000000,2.9581700126,-3.1252389046,1.0000000000
-1.0000000000,2.0037971977,-0.3298011334,1.0000000000
-1.0000000000,1.8165210770,-0.6375917657,1.0000000000
-1.0000000000,1.5518077688,-1.9185034076,1.0000000000
-1.0000000000,2.6239878715,-0.1500890133,1.0000000000
-1.0000000000,1.1146560157,-2.9745874218,1.0000000000
-1.0000000000,2.4340792469,-3.2329642783,1.0000000000
-1.0000000000,2.3458598808,-1.5758911171,1.0000000000
-1.0000000000,1.4785297856,-3.9192667497,1.0000000000
-1.0000000000,1.5849853136,-1.4736807783,1.0000000000
-1.0000000000,1.7267469533,-1.8245605281,1.0000000000
-1.0000000000,1.1259220757,-3.8458444485,1.0000000000
-1.0000000000,2.1799356989,-1.0663192452,1.0000000000
-1.0000000000,2.1781239277,-2.1912201244,1.0000000000
-1.0000000000,2.9863058952,-0.1860928700,1.0000000000
-1.0000000000,2.6292340169,-0.4533566151,1.0000000000
-1.0000000000,2.9027200817,-3.6093580825,1.0000000000
-1.0000000000,2.5795835367,-1.4765179905,1.0000000000
-1.0000000000,2.1508125973,-1.7385544754,1.0000000000
-1.0000000000,2.5874648732,-1.0947079742,1.0000000000
-1.0000000000,2.0059041967,-1.5784395251,1.0000000000
-1.0000000000,2.2383989528,-3.0611774489,1.0000000000
-1.0000000000,1.7853681549,-2.1131494115,1.0000000000
-1.0000000000,1.9747792323,-2.7550245407,1.0000000000
-1.0000000000,1.3146729520,-1.2554472360,1.0000000000
-1.0000000000,2.7582196830,-1.2101143123,1.0000000000
-1.0000000000,1.3471539518,-0.3755670919,1.0000000000
-1.0000000000,1.9398357314,-1.1531236404,1.0000000000
-1.0000000000,2.0960915886,-1.3600773163,1.0000000000
-1.0000000000,1.6726075709,-2.8711253399,1.0000000000
-1.0000000000,1.9638089135,-3.1938836094,1.0000000000
-1.0000000000,2.8992789795,-0.5319720687,1.0000000000
-1.0000000000,1.9521145028,-1.6511275365,1.0000000000
-1.0000000000,2.4030908971,-3.3330346324,1.0000000000
-1.0000000000,2.1043427864,-2.9325813687,1.0000000000
-1.0000000000,1.2915523008,-0.6881737513,1.0000000000
-1.0000000000,2.5007922820,-2.8271233087,1.0000000000
-1.0000000000,2.1903112452,-2.6042026578,1.0000000000
-1.0000000000,1.8404858920,-0.3780904927,1.0000000000
-1.0000000000,2.9832818883,-0.1590424628,1.0000000000
-1.0000000000,2.4339934828,-1.4904280387,1.0000000000
-1.0000000000,2.4193113670,-1.9940691626,1.0000000000
-1.0000000000,2.2198801393,-1.9143068797,1.0000000000
-1.0000000000,1.9159093227,-2.0498942985,1.0000000000
-1.0000000000,2.2546350963,-1.5032752176,1.0000000000
-1.0000000000,2.6129574746,-1.7558781329,1.0000000000
-1.0000000000,1.4357544138,-0.7868086766,1.0000000000
-1.0000000000,2.1946680226,-2.4554323524,1.0000000000
-1.0000000000,1.7257403826,-3.5441972556,1.0000000000
-1.0000000000,2.5297722375,-1.8972355575,1.0000000000
-1.0000000000,1.4245804524,-3.3718130325,1.0000000000
-1.0000000000,1.1125699451,-0.9283922180,1.0000000000
-1.0000000000,2.1932844352,-1.4449576810,-1.0000000000
-1.0000000000,2.7413531340,-1.7779518116,-1.0000000000
-1.0000000000,2.2620983274,-3.8952623647,-1.0000000000
-1.0000000000,1.7216443597,-3.0341067820,-1.0000000000
-1.0000000000,1.3189593791,-3.6489622912,-1.0000000000
-1.0000000000,1.5166010804,-0.6239898776,-1.0000000000
-1.0000000000,1.7434378552,-0.8041062128,-1.0000000000
-1.0000000000,1.8314283701,-2.4528022476,-1.0000000000
-1.0000000000,1.1368612158,-0.0395484268,-1.0000000000
-1.0000000000,2.9758208970,-2.4792973379,-1.0000000000
-1.0000000000,1.8891925897,-0.0036239980,-1.0000000000
-1.0000000000,2.3488678329,-0.9215469271,-1.0000000000
-1.0000000000,2.8246622004,-2.0873079321,-1.0000000000
-1.0000000000,1.9884172204,-0.0256765809,-1.0000000000
-1.0000000000,1.2478590223,-0.9582009225,-1.0000000000
-1.0000000000,1.9063441065,-3.3123874044,-1.0000000000
-1.0000000000,2.2749931664,-2.8100922293,-1.0000000000
-1.0000000000,1.5325566874,-1.8348210368,-1.0000000000
-1.0000000000,2.2467059590,-1.1265379142,-1.0000000000
-1.0000000000,1.0019466055,-3.6877920914,-1.0000000000
-1.0000000000,1.0718699765,-0.7019355372,-1.0000000000
-1.0000000000,1.9671841743,-2.4332081105,-1.0000000000
-1.0000000000,2.0648470525,-3.5041071690,-1.0000000000
-1.0000000000,2.7696148760,-1.7443079721,-1.0000000000
-1.0000000000,2.5646406614,-0.2325955406,-1.0000000000
-1.0000000000,2.8795941309,-1.5426348404,-1.0000000000
-1.0000000000,2.7158708055,-0.4168091946,-1.0000000000
-1.0000000000,1.6686454663,-3.6090586419,-1.0000000000
-1.0000000000,1.3324468292,-1.6512948316,-1.0000000000
-1.0000000000,1.0032552382,-3.4069988278,-1.0000000000
-1.0000000000,2.3422587907,-0.9513688956,-1.0000000000
-1.0000000000,2.7222387522,-2.4686495544,-1.0000000000
-1.0000000000,1.1366517873,-1.2021794138,-1.0000000000
-1.0000000000,1.5133903557,-2.3086336832,-1.0000000000
-1.0000000000,2.5865213124,-2.9761710075,-1.0000000000
-1.0000000000,2.7335043338,-1.9670206232,-1.0000000000
-1.0000000000,2.6691375883,-2.0671588322,-1.0000000000
-1.0000000000,2.5031072515,-1.0550889566,-1.0000000000
-1.0000000000,2.9637843187,-2.1337543866,-1.0000000000
-1.0000000000,1.6956335834,-3.7924807284,-1.0000000000
-1.0000000000,2.0663770896,-3.1134592216,-1.0000000000
-1.0000000000,1.1329378369,-2.0261670238,-1.0000000000
-1.0000000000,1.8205512149,-2.9027087390,-1.0000000000
-1.0000000000,1.5074551599,-3.3688731421,-1.0000000000
-1.0000000000,1.7123885105,-2.0666819191,-1.0000000000
-1.0000000000,1.5316660360,-2.4934329871,-1.0000000000
-1.0000000000,2.2765078721,-2.9384324337,-1.0000000000
-1.0000000000,2.7742448885,-2.1846417901,-1.0000000000
-1.0000000000,2.4395979340,-3.8379062221,-1.0000000000
-1.0000000000,1.3909563500,-2.5365027510,-1.0000000000
-1.0000000000,1.0350708477,-0.1422180797,-1.0000000000
-1.0000000000,2.4959947953,-1.8773753853,-1.0000000000
-1.0000000000,2.2565499044,-2.5699180786,-1.0000000000
-1.0000000000,2.8617071374,-1.8126344191,-1.0000000000
-1.0000000000,1.5202849414,-1.5536775594,-1.0000000000
-1.0000000000,2.5469535603,-0.1767077340,-1.0000000000
-1.0000000000,2.0789359003,-2.4546604634,-1.0000000000
-1.0000000000,2.1295771907,-3.8443884615,-1.0000000000
-1.0000000000,1.0254169616,-0.9626647724,-1.0000000000
-1.0000000000,2.7926318482,-0.6953337848,-1.0000000000
-1.0000000000,1.1331358662,-0.7170629710,-1.0000000000
-1.0000000000,1.9569005709,-2.4747650983,-1.0000000000
-1.0000000000,1.1510097748,-2.3615584076,-1.0000000000
-1.0000000000,2.9918528020,-1.5473497637,-1.0000000000
-1.0000000000,1.8988403556,-3.7465223584,-1.0000000000
-1.0000000000,2.3648664577,-3.9779872130,-1.0000000000
-1.0000000000,2.2996066772,-3.6971151317,-1.0000000000
-1.0000000000,2.2874788149,-0.1529678519,-1.0000000000
-1.0000000000,2.9593114762,-1.0311806304,-1.0000000000
-1.0000000000,2.5306463293,-0.7208144475,-1.0000000000
-1.0000000000,2.4160944557,-1.8915855307,-1.0000000000
-1.0000000000,1.3358909367,-0.0592376066,-1.0000000000
-1.0000000000,1.9892424414,-1.1997923377,-1.0000000000
-1.0000000000,2.2442962343,-2.3066242094,-1.0000000000
-1.0000000000,1.2690719052,-1.8539349693,-1.0000000000
-1.0000000000,1.1257205522,-1.2830257499,-1.0000000000
-1.0000000000,2.3915428802,-3.7759670920,-1.0000000000
-1.0000000000,2.0889247956,-3.7153348409,-1.0000000000
-1.0000000000,1.3876194123,-1.8528748094,-1.0000000000
-1.0000000000,1.7701949610,-3.8060389006,-1.0000000000
-1.0000000000,1.0910148262,-0.9423383565,-1.0000000000
-1.0000000000,2.7623281553,-3.9830434649,-1.0000000000
-1.0000000000,2.2844437754,-1.0593230400,-1.0000000000
-1.0000000000,1.1469688712,-3.9356957700,-1.0000000000
-1.0000000000,2.5993726697,-0.1570629914,-1.0000000000
-1.0000000000,1.1917417424,-0.1759531175,-1.0000000000
-1.0000000000,2.4373127661,-3.9158944869,-1.0000000000
-1.0000000000,1.5199536045,-3.3212494049,-1.0000000000
-1.0000000000,2.5328085276,-1.5230880682,-1.0000000000
-1.0000000000,2.4352653378,-1.1216988135,-1.0000000000
-1.0000000000,1.8728532211,-0.1971185567,-1.0000000000
-1.0000000000,1.6304555015,-1.9679480726,-1.0000000000
-1.0000000000,1.3426273886,-1.6798628763,-1.0000000000
-1.0000000000,1.0523303103,-3.0829515238,-1.0000000000
-1.0000000000,1.4257997146,-1.7290146379,-1.0000000000
-1.0000000000,1.0265197736,-0.7008168151,-1.0000000000
-1.0000000000,1.6717153262,-2.0031368151,-1.0000000000
-1.0000000000,1.5901973337,-2.3827302139,-1.0000000000
-1.0000000000,2.9804563320,-1.8528882594,-1.0000000000
-1.0000000000,1.9010990946,-2.1725767020,-1.0000000000
-1.0000000000,-2.9399993292,3.2315081903,1.0000000000
-1.0000000000,-2.4482363400,0.8069471389,1.0000000000
-1.0000000000,-1.0946013655,1.5566853124,1.0000000000
-1.0000000000,-2.0477037752,2.1706361776,1.0000000000
-1.0000000000,-2.4158953835,0.3129860118,1.0000000000
-1.0000000000,-2.3511365510,3.7008523952,1.0000000000
-1.0000000000,-2.3470993298,3.8695034308,1.0000000000
-1.0000000000,-1.0264631591,1.0151284294,1.0000000000
-1.0000000000,-1.1340399151,0.6450620106,1.0000000000
-1.0000000000,-2.7629273705,3.9407995103,1.0000000000
-1.0000000000,-2.5389880168,0.6596638928,1.0000000000
-1.0000000000,-1.6272649610,1.2073721397,1.0000000000
-1.0000000000,-2.9072739793,3.4425420996,1.0000000000
-1.0000000000,-1.2736226304,3.1930658229,1.0000000000
-1.0000000000,-2.3112601595,0.5667065271,1.0000000000
-1.0000000000,-1.9424998582,1.2943418081,1.0000000000
-1.0000000000,-1.1946896360,1.5750968276,1.0000000000
-1.0000000000,-2.1611739182,2.6858765290,1.0000000000
-1.0000000000,-1.3318500452,2.4394098056,1.0000000000
-1.0000000000,-1.4184966530,1.8221755806,1.0000000000
-1.0000000000,-1.6247616509,2.0139542369,1.0000000000
-1.0000000000,-1.5576769355,1.5096656892,1.0000000000
-1.0000000000,-2.5151702465,2.2977841416,1.0000000000
-1.0000000000,-2.8766678972,1.1017536939,1.0000000000
-1.0000000000,-1.5734438488,3.2244433998,1.0000000000
-1.0000000000,-1.6993232791,1.6675734151,1.0000000000
-1.0000000000,-2.3745974438,1.6958379483,1.0000000000
-1.0000000000,-2.2690517626,2.5635119631,1.0000000000
-1.0000000000,-2.3741914392,3.2569820532,1.0000000000
-1.0000000000,-2.4724469969,2.6934242901,1.0000000000
-1.0000000000,-1.8499259851,2.8366630898,1.0000000000
-1.0000000000,-2.9695181992,0.9603884506,1.0000000000
-1.0000000000,-2.2189248696,3.3051519985,1.0000000000
-1.0000000000,-2.0247154232,0.1316899099,1.0000000000
-1.0000000000,-1.9303166692,0.6395263901,1.0000000000
-1.0000000000,-2.5941196503,0.6316595805,1.0000000000
-1.0000000000,-2.0123524601,0.5928842331,1.0000000000
-1.0000000000,-1.1674782531,0.6226621266,1.0000000000
-1.0000000000,-2.7748115073,1.0832920578,1.0000000000
-1.0000000000,-2.4443239950,2.7297388275,1.0000000000
-1.0000000000,-1.4188105098,1.3275365954,1.0000000000
-1.0000000000,-1.4625232706,0.9966185506,1.0000000000
-1.0000000000,-2.6720786427,0.9056826685,1.0000000000
-1.0000000000,-1.0709479345,0.7929144936,1.0000000000
-1.0000000000,-2.9655042714,2.6832358855,1.0000000000
-1.0000000000,-1.9225223210,2.8344322997,1.0000000000
-1.0000000000,-2.9603191345,1.0860578212,1.0000000000
-1.0000000000,-2.3456435611,2.8444404583,1.0000000000
-1.0000000000,-2.4551650983,0.0228401791,1.0000000000
-1.0000000000,-2.0356943007,0.3069570068,1.0000000000
-1.0000000000,-2.7705627601,3.0046543794,1.0000000000
-1.0000000000,-1.4117030557,3.8349503304,1.0000000000
-1.0000000000,-2.8285562515,2.7130729774,1.0000000000
-1.0000000000,-2.2275316695,1.8261142928,1.0000000000
-1.0000000000,-2.7926208726,3.5861358810,1.0000000000
-1.0000000000,-1.2814026425,0.0209243787,1.0000000000
-1.0000000000,-2.2362639139,2.0096279809,1.0000000000
-1.0000000000,-2.3815539775,2.2510060536,1.0000000000
-1.0000000000,-1.4978462468,0.1659132527,1.0000000000
-1.0000000000,-1.5962164855,2.9019133651,1.0000000000
-1.0000000000,-1.2424727844,2.6838986758,1.0000000000
-1.0000000000,-2.5238391546,2.3261047884,1.0000000000
-1.0000000000,-1.7815320959,0.1634722198,1.0000000000
-1.0000000000,-2.7223636098,3.8020383322,1.0000000000
-1.0000000000,-1.8012230502,2.2152766366,1.0000000000
-1.0000000000,-1.1744827568,0.4961697230,1.0000000000
-1.0000000000,-2.6808200083,1.5409827267,1.0000000000
-1.0000000000,-1.2606459551,2.7785996755,1.0000000000
-1.0000000000,-1.7034789948,0.2874300014,1.0000000000
-1.0000000000,-1.8635630119,1.4052657562,1.0000000000
-1.0000000000,-1.0259455946,2.3266047488,1.0000000000
-1.0000000000,-1.1773870224,2.8888167699,1.0000000000
-1.0000000000,-1.2680179190,1.7982785064,1.0000000000
-1.0000000000,-1.9308199143,1.6993688537,1.0000000000
-1.0000000000,-2.1861496410,2.8702977542,1.0000000000
-1.0000000000,-1.6478036856,3.2482472331,1.0000000000
-1.0000000000,-2.4562072188,1.4843034202,1.0000000000
-1.0000000000,-2.5890016556,1.7298882209,1.0000000000
-1.0000000000,-1.4990398318,2.9254571775,1.0000000000
-1.0000000000,-1.2460748490,2.2543692546,1.0000000000
-1.0000000000,-1.2629465796,2.9557895125,1.0000000000
-1.0000000000,-2.8648623526,1.9326149792,1.0000000000
-1.0000000000,-2.8890214641,2.2527475718,1.0000000000
-1.0000000000,-2.6320599760,0.3863272925,1.0000000000
-1.0000000000,-1.3000996057,2.3450942958,1.0000000000
-1.0000000000,-2.6599463397,3.8280247156,1.0000000000
-1.0000000000,-1.0228894982,2.8482984847,1.0000000000
-1.0000000000,-2.8285239816,2.5776439892,1.0000000000
-1.0000000000,-2.7272057634,3.4480274640,1.0000000000
-1.0000000000,-2.4715627095,0.6383252242,1.0000000000
-1.0000000000,-2.1895519163,1.6781825868,1.0000000000
-1.0000000000,-2.8526753546,3.3353168127,1.0000000000
-1.0000000000,-1.2310578403,1.3673745881,1.0000000000
-1.0000000000,-1.9341529404,1.1708122607,1.0000000000
-1.0000000000,-1.5141523425,2.3723207067,1.0000000000
-1.0000000000,-1.2954205720,0.4912570328,1.0000000000
-1.0000000000,-2.1273726415,2.5574007733,1.0000000000
-1.0000000000,-2.4663436215,2.1439922272,1.0000000000
-1.0000000000,-1.3444738915,0.9546241312,1.0000000000
-1.0000000000,-2.7266182318,2.4723808696,1.0000000000
-1.0000000000,-1.6417459406,3.2946472820,-1.0000000000
-1.0000000000,-2.0023431695,3.7029343728,-1.0000000000
-1.0000000000,-1.8069911182,3.0261872521,-1.0000000000
-1.0000000000,-2.8743974560,0.8810581100,-1.0000000000
-1.0000000000,-2.4291839237,1.7193151215,-1.0000000000
-1.0000000000,-1.4766862194,2.3776194099,-1.0000000000
-1.0000000000,-1.5794816411,0.3741217463,-1.0000000000
-1.0000000000,-2.9010476393,0.9728628883,-1.0000000000
-1.0000000000,-1.8289404055,2.5303823947,-1.0000000000
-1.0000000000,-1.8767569065,3.0141519258,-1.0000000000
-1.0000000000,-1.8253223534,2.7517795891,-1.0000000000
-1.0000000000,-2.3690950891,0.1744333069,-1.0000000000
-1.0000000000,-2.1412102371,2.5727418671,-1.0000000000
-1.0000000000,-1.2356169276,1.0758435736,-1.0000000000
-1.0000000000,-2.1013426201,0.6620062934,-1.0000000000
-1.0000000000,-2.9500752164,2.7503729056,-1.0000000000
-1.0000000000,-2.1257499343,0.5598978375,-1.0000000000
-1.0000000000,-1.8516057855,0.0379912831,-1.0000000000
-1.0000000000,-1.0869749523,2.3833522941,-1.0000000000
-1.0000000000,-1.6249113515,1.4641028001,-1.0000000000
-1.0000000000,-2.4995359281,3.4646871197,-1.0000000000
-1.0000000000,-2.2234550030,3.0713483631,-1.0000000000
-1.0000000000,-1.6860671848,1.3389926142,-1.0000000000
-1.0000000000,-1.7143054385,2.0488275174,-1.0000000000
-1.0000000000,-1.4977028337,2.6472428307,-1.0000000000
-1.0000000000,-1.4367191601,1.3446817719,-1.0000000000
-1.0000000000,-2.5952610817,0.2327353847,-1.0000000000
-1.0000000000,-2.7545712805,2.8211496058,-1.0000000000
-1.0000000000,-1.6631953487,2.8857148030,-1.0000000000
-1.0000000000,-2.0059812139,0.9902033606,-1.0000000000
-1.0000000000,-1.8702280659,0.6816640964,-1.0000000000
-1.0000000000,-1.7849980177,1.4361784715,-1.0000000000
-1.0000000000,-1.1872545866,1.9433679443,-1.0000000000
-1.0000000000,-2.2662046753,1.6868321682,-1.0000000000
-1.0000000000,-2.6959794969,0.6557366144,-1.0000000000
-1.0000000000,-1.7505289854,3.9941081215,-1.0000000000
-1.0000000000,-1.1382815778,3.9644289299,-1.0000000000
-1.0000000000,-1.1752786896,1.0105458902,-1.0000000000
-1.0000000000,-2.8208633576,0.6040936825,-1.0000000000
-1.0000000000,-1.1669198295,1.8178127294,-1.0000000000
-1.0000000000,-2.7642272840,0.8003581837,-1.0000000000
-1.0000000000,-1.8649588625,1.5778584650,-1.0000000000
-1.0000000000,-1.9092378905,2.5110445403,-1.0000000000
-1.0000000000,-1.9711615542,0.7862247040,-1.0000000000
-1.0000000000,-2.7375283030,0.8175046493,-1.0000000000
-1.0000000000,-2.8956784053,2.1971156733,-1.0000000000
-1.0000000000,-1.3143803453,3.6202456773,-1.0000000000
-1.0000000000,-2.4927726210,0.6119307611,-1.0000000000
-1.0000000000,-1.8583674374,0.1850019264,-1.0000000000
-1.0000000000,-1.3078852931,2.6243459815,-1.0000000000
-1.0000000000,-2.0173551759,1.4716502556,-1.0000000000
-1.0000000000,-1.6039655002,2.9166397543,-1.0000000000
-1.0000000000,-1.8305088070,3.3644546696,-1.0000000000
-1.0000000000,-2.6917202716,1.9579759110,-1.0000000000
-1.0000000000,-1.0006841551,1.8869088832,-1.0000000000
-1.0000000000,-1.0582174646,3.1889878247,-1.0000000000
-1.0000000000,-2.3616793997,1.0604983440,-1.0000000000
-1.0000000000,-1.0731918270,0.5630574966,-1.0000000000
-1.0000000000,-1.7897031516,3.6897715586,-1.0000000000
-1.0000000000,-2.5351164263,2.6832667522,-1.0000000000
-1.0000000000,-1.2670236153,3.8556997176,-1.0000000000
-1.0000000000,-1.2077693150,3.3247481735,-1.0000000000
-1.0000000000,-1.8365979195,3.9612166236,-1.0000000000
-1.0000000000,-2.2138814506,2.5276605571,-1.0000000000
-1.0000000000,-1.2677438334,2.4337937222,-1.0000000000
-1.0000000000,-2.7936161372,3.6264874505,-1.0000000000
-1.0000000000,-1.7072129434,0.4379557928,-1.0000000000
-1.0000000000,-2.7027796196,2.4912726430,-1.0000000000
-1.0000000000,-2.8236623276,0.1885951683,-1.0000000000
-1.0000000000,-1.0416458425,0.2855870624,-1.0000000000
-1.0000000000,-2.7224524529,3.5116938691,-1.0000000000
-1.0000000000,-1.5216479153,1.0496616878,-1.0000000000
-1.0000000000,-1.3130638181,3.0668227894,-1.0000000000
-1.0000000000,-1.4239093882,3.6156603182,-1.0000000000
-1.0000000000,-2.6088593305,0.7606185115,-1.0000000000
-1.0000000000,-1.6973469584,2.6903589632,-1.0000000000
-1.0000000000,-2.1356823558,0.9017621113,-1.0000000000
-1.0000000000,-1.2275658720,3.2420173366,-1.0000000000
-1.0000000000,-1.7814523187,1.1123777326,-1.0000000000
-1.0000000000,-2.0476894410,3.7146329604,-1.0000000000
-1.0000000000,-2.2431295053,3.2482623937,-1.0000000000
-1.0000000000,-1.0302632520,1.3363296624,-1.0000000000
-1.0000000000,-1.3266815728,3.0083866277,-1.0000000000
-1.0000000000,-1.7943376340,3.5281373495,-1.0000000000
-1.0000000000,-2.2448508069,3.8560114078,-1.0000000000
-1.0000000000,-2.1297123785,0.5800497478,-1.0000000000
-1.0000000000,-1.2790046902,0.3546086312,-1.0000000000
-1.0000000000,-2.2742443209,1.7294797997,-1.0000000000
-1.0000000000,-1.3275596331,3.3481179721,-1.0000000000
-1.0000000000,-1.5729384624,1.6516129336,-1.0000000000
-1.0000000000,-2.1498877243,1.9818860385,-1.0000000000
-1.0000000000,-2.1009595557,3.0845864250,-1.0000000000
-1.0000000000,-2.1935340735,2.7329746683,-1.0000000000
-1.0000000000,-1.7873829869,0.7315511267,-1.0000000000
-1.0000000000,-2.4221563053,1.6644667289,-1.0000000000
-1.0000000000,-1.4481322282,0.1930515763,-1.0000000000
-1.0000000000,-1.3204122405,3.9468869107,-1.0000000000
-1.0000000000,-1.7415021600,0.2654390480,-1.0000000000
-1.0000000000,-2.0310040508,3.9310064804,-1.0000000000
-1.0000000000,-1.6202734427,0.6409762802,-1.0000000000
-1.0000000000,-1.8622105403,-3.0238114036,1.0000000000
-1.0000000000,-1.7480400860,-2.7399753282,1.0000000000
-1.0000000000,-2.4183855398,-3.4375370401,1.0000000000
-1.0000000000,-2.5100226304,-2.8465491074,1.0000000000
-1.0000000000,-1.8839413172,-3.2649969571,1.0000000000
-1.0000000000,-1.3946828177,-0.2056050602,1.0000000000
-1.0000000000,-2.6230847417,-1.9732337144,1.0000000000
-1.0000000000,-1.1095402619,-1.9529711337,1.0000000000
-1.0000000000,-1.4131231299,-3.2118142666,1.0000000000
-1.0000000000,-1.2509004375,-0.1524958874,1.0000000000
-1.0000000000,-1.5867828350,-0.8092131610,1.0000000000
-1.0000000000,-1.0584452400,-3.3917058711,1.0000000000
-1.0000000000,-2.1809507367,-0.2866379223,1.0000000000
-1.0000000000,-1.6287424179,-2.2411350183,1.0000000000
-1.0000000000,-2.2998877772,-3.4698310147,1.0000000000
-1.0000000000,-2.5107677868,-0.1940823490,1.0000000000
-1.0000000000,-2.8846584412,-3.4610404582,1.0000000000
-1.0000000000,-1.7166084801,-1.5162472071,1.0000000000
-1.0000000000,-1.6961527168,-1.2558787462,1.0000000000
-1.0000000000,-2.7444709140,-3.0147648594,1.0000000000
-1.0000000000,-2.2896271929,-0.6039133363,1.0000000000
-1.0000000000,-2.6552648492,-3.8510326302,1.0000000000
-1.0000000000,-2.2788478943,-2.4134093845,1.0000000000
-1.0000000000,-1.3421036325,-1.8191888277,1.0000000000
-1.0000000000,-2.1725682004,-3.2530379617,1.0000000000
-1.0000000000,-2.5330090722,-2.8353133547,1.0000000000
-1.0000000000,-2.1874701368,-0.8764304931,1.0000000000
-1.0000000000,-1.2946182639,-2.5947698237,1.0000000000
-1.0000000000,-2.1127016930,-0.3823090046,1.0000000000
-1.0000000000,-2.8626317689,-3.4222275242,1.0000000000
-1.0000000000,-1.8184062165,-0.2392277583,1.0000000000
-1.0000000000,-2.1503675496,-0.4691244782,1.0000000000
-1.0000000000,-1.9939502361,-0.3753290747,1.0000000000
-1.0000000000,-1.6990584288,-0.7972312466,1.0000000000
-1.0000000000,-2.7160567925,-2.8237991315,1.0000000000
-1.0000000000,-2.7099471604,-1.8757077333,1.0000000000
-1.0000000000,-2.5230975281,-0.9309379263,1.0000000000
-1.0000000000,-1.9936953872,-0.0373757592,1.0000000000
-1.0000000000,-1.3126834024,-3.7181900029,1.0000000000
-1.0000000000,-1.8126653997,-0.6805736827,1.0000000000
-1.0000000000,-1.6889759507,-3.6860765022,1.0000000000
-1.0000000000,-2.7697142369,-0.5564462781,1.0000000000
-1.0000000000,-2.2512828023,-3.7400000342,1.0000000000
-1.0000000000,-2.2942670031,-2.7270793074,1.0000000000
-1.0000000000,-1.9604047893,-2.1349073771,1.0000000000
-1.0000000000,-2.8351391223,-0.0897446423,1.0000000000
-1.0000000000,-2.3228217515,-3.4558989313,1.0000000000
-1.0000000000,-2.3930664862,-1.4725287121,1.0000000000
-1.0000000000,-2.1970592923,-3.2366050085,1.0000000000
-1.0000000000,-2.9871317206,-0.0117910028,1.0000000000
-1.0000000000,-1.4432907402,-2.9096094334,1.0000000000
-1.0000000000,-2.4009209731,-1.3149686310,1.0000000000
-1.0000000000,-1.6476756946,-3.4282076855,1.0000000000
-1.0000000000,-1.1231228686,-2.3360942919,1.0000000000
-1.0000000000,-2.4716220701,-0.4973536157,1.0000000000
-1.0000000000,-2.4097503791,-1.1231083164,1.0000000000
-1.0000000000,-2.0648217757,-3.2192407955,1.0000000000
-1.0000000000,-2.5174463301,-2.0516327432,1.0000000000
-1.0000000000,-1.7285064071,-0.6428339066,1.0000000000
-1.0000000000,-1.9646648089,-2.7883529248,1.0000000000
-1.0000000000,-1.1180111107,-0.8513776813,1.0000000000
-1.0000000000,-1.6394667528,-1.6713844711,1.0000000000
-1.0000000000,-1.1088868886,-2.8627675803,1.0000000000
-1.0000000000,-2.7806597995,-3.8011993886,1.0000000000
-1.0000000000,-1.9655819605,-1.1288385777,1.0000000000
-1.0000000000,-2.1261882229,-2.7424341992,1.0000000000
-1.0000000000,-2.1398667459,-0.1571350972,1.0000000000
-1.0000000000,-1.8004357813,-1.0422730952,1.0000000000
-1.0000000000,-1.5948879008,-3.5029999274,1.0000000000
-1.0000000000,-2.8291231826,-3.7012273282,1.0000000000
-1.0000000000,-2.5226093790,-2.6248693299,1.0000000000
-1.0000000000,-2.9610930450,-1.8813337271,1.0000000000
-1.0000000000,-1.0845643290,-0.2780735544,1.0000000000
-1.0000000000,-2.4714683089,-3.9038056797,1.0000000000
-1.0000000000,-1.5511024525,-2.3853047820,1.0000000000
-1.0000000000,-1.5074280166,-0.2390575238,1.0000000000
-1.0000000000,-2.7183092130,-1.1262496182,1.0000000000
-1.0000000000,-2.3224843494,-1.4122210439,1.0000000000
-1.0000000000,-2.7058452078,-1.1677564488,1.0000000000
-1.0000000000,-2.6253445520,-3.1121975399,1.0000000000
-1.0000000000,-2.6027678407,-2.9487264672,1.0000000000
-1.0000000000,-1.6324547843,-2.9544002180,1.0000000000
-1.0000000000,-2.3411086907,-3.2159138891,1.0000000000
-1.0000000000,-2.0332342370,-0.0367401620,1.0000000000
-1.0000000000,-2.1916842001,-1.5100326252,1.0000000000
-1.0000000000,-1.1911167907,-3.0851104251,1.0000000000
-1.0000000000,-1.1075994561,-3.0845149287,1.0000000000
-1.0000000000,-2.2008132734,-2.8621565996,1.0000000000
-1.0000000000,-1.7819669336,-2.0051258051,1.0000000000
-1.0000000000,-1.1948691342,-1.6574890386,1.0000000000
-1.0000000000,-1.0361257891,-3.6305473270,1.0000000000
-1.0000000000,-1.4008896622,-1.4522986287,1.0000000000
-1.0000000000,-2.4219218318,-3.1039954967,1.0000000000
-1.0000000000,-1.7217614854,-2.3161131865,1.0000000000
-1.0000000000,-2.3932337636,-2.1029934869,1.0000000000
-1.0000000000,-1.4040727395,-2.9623622342,1.0000000000
-1.0000000000,-1.3572932610,-2.0394055663,1.0000000000
-1.0000000000,-1.7378387511,-3.3258008224,1.0000000000
-1.0000000000,-2.3894479255,-3.9871711095,1.0000000000
-1.0000000000,-1.3193369485,-1.1223401220,1.0000000000
-1.0000000000,-2.2628193128,-3.7393528663,-1.0000000000
-1.0000000000,-2.5763882732,-0.1611526290,-1.0000000000
-1.0000000000,-1.9288796685,-3.0104553917,-1.0000000000
-1.0000000000,-2.4263396273,-1.6034042803,-1.0000000000
-1.0000000000,-2.0783577845,-1.6446976789,-1.0000000000
-1.0000000000,-2.8374044381,-2.9229583910,-1.0000000000
-1.0000000000,-1.3267330946,-3.1437152725,-1.0000000000
-1.0000000000,-2.3103419832,-1.2338225878,-1.0000000000
-1.0000000000,-1.5058141891,-3.0361159622,-1.0000000000
-1.0000000000,-2.5606824607,-1.9842944307,-1.0000000000
-1.0000000000,-1.3255389769,-2.1734301463,-1.0000000000
-1.0000000000,-1.3730609939,-3.0884255811,-1.0000000000
-1.0000000000,-2.3987351927,-0.8712143584,-1.0000000000
-1.0000000000,-1.2954056186,-3.6378928503,-1.0000000000
-1.0000000000,-2.2524512875,-1.5652340666,-1.0000000000
-1.0000000000,-2.3917518979,-3.4128198507,-1.0000000000
-1.0000000000,-2.0251309670,-3.2012615639,-1.0000000000
-1.0000000000,-1.3252278717,-0.8668261554,-1.0000000000
-1.0000000000,-1.3504146620,-0.3943317999,-1.0000000000
-1.0000000000,-2.0271047517,-3.8235292011,-1.0000000000
-1.0000000000,-2.9251775178,-0.0887028411,-1.0000000000
-1.0000000000,-1.0436002239,-3.3346532072,-1.0000000000
-1.0000000000,-1.3809435343,-2.9892506286,-1.0000000000
-1.0000000000,-2.6278120618,-1.8333509453,-1.0000000000
-1.0000000000,-2.1398909004,-2.2646083211,-1.0000000000
-1.0000000000,-1.9754063034,-2.6877249221,-1.0000000000
-1.0000000000,-1.2339078539,-1.1359009455,-1.0000000000
-1.0000000000,-1.0244050983,-3.9680064610,-1.0000000000
-1.0000000000,-1.1936204596,-0.2817176072,-1.0000000000
-1.0000000000,-2.5049262242,-3.9155829429,-1.0000000000
-1.0000000000,-1.4296193000,-2.2572578919,-1.0000000000
-1.0000000000,-2.8788603039,-2.4367370570,-1.0000000000
-1.0000000000,-1.9694740853,-0.5211092459,-1.0000000000
-1.0000000000,-2.5256264986,-0.9866438232,-1.0000000000
-1.0000000000,-1.6160563600,-3.6502090346,-1.0000000000
-1.0000000000,-1.3138577102,-0.1603295360,-1.0000000000
-1.0000000000,-2.3029208967,-1.9336747422,-1.0000000000
-1.0000000000,-1.2188542000,-3.9156682976,-1.0000000000
-1.0000000000,-1.2309570319,-1.3660894037,-1.0000000000
-1.0000000000,-2.5052405182,-0.6133604892,-1.0000000000
-1.0000000000,-2.5866400084,-0.4427855892,-1.0000000000
-1.0000000000,-1.8423039392,-3.5810433496,-1.0000000000
-1.0000000000,-1.5822498491,-0.4607151991,-1.0000000000
-1.0000000000,-2.9951124031,-0.9459182889,-1.0000000000
-1.0000000000,-1.5716618023,-2.1253227769,-1.0000000000
-1.0000000000,-2.3052593384,-2.1741811613,-1.0000000000
-1.0000000000,-1.8435889828,-3.8641885085,-1.0000000000
-1.0000000000,-2.5879707439,-3.4735890627,-1.0000000000
-1.0000000000,-1.3618559882,-1.9580581474,-1.0000000000
-1.0000000000,-1.2203284431,-1.6482369390,-1.0000000000
-1.0000000000,-1.5149629695,-3.9046118971,-1.0000000000
-1.0000000000,-2.7769904463,-0.0417909974,-1.0000000000
-1.0000000000,-1.6478479720,-3.3826580721,-1.0000000000
-1.0000000000,-1.7855046165,-2.9823047409,-1.0000000000
-1.0000000000,-1.8621026946,-2.1424423941,-1.0000000000
-1.0000000000,-1.1689607598,-1.4481700616,-1.0000000000
-1.0000000000,-2.8721068517,-3.5498399285,-1.0000000000
-1.0000000000,-2.3593335395,-3.8068768892,-1.0000000000
-1.0000000000,-1.4649982921,-1.3560148358,-1.0000000000
-1.0000000000,-1.1073417737,-2.3293016845,-1.0000000000
-1.0000000000,-2.2493112884,-3.8258938851,-1.0000000000
-1.0000000000,-1.6013616130,-0.9794768373,-1.0000000000
-1.0000000000,-2.3381133338,-0.1033356620,-1.0000000000
-1.0000000000,-1.1412008585,-2.8646944094,-1.0000000000
-1.0000000000,-1.3517918146,-0.2332742442,-1.0000000000
-1.0000000000,-2.7248539478,-1.6201764915,-1.0000000000
-1.0000000000,-2.1998015289,-2.2898464932,-1.0000000000
-1.0000000000,-1.2618949211,-2.5653632084,-1.0000000000
-1.0000000000,-2.4209271342,-3.4779861877,-1.0000000000
-1.0000000000,-1.7313405019,-3.1098505166,-1.0000000000
-1.0000000000,-2.2484685363,-0.9362928220,-1.0000000000
-1.0000000000,-2.8042333392,-0.8732234176,-1.0000000000
-1.0000000000,-1.5914159438,-1.1439050114,-1.0000000000
-1.0000000000,-1.7945742414,-3.1103985743,-1.0000000000
-1.0000000000,-2.5763355565,-2.1315581385,-1.0000000000
-1.0000000000,-2.9333170197,-3.1068515575,-1.0000000000
-1.0000000000,-1.4855554860,-1.9936840358,-1.0000000000
-1.0000000000,-2.8039406134,-3.1906801496,-1.0000000000
-1.0000000000,-1.1667449872,-3.3195264115,-1.0000000000
-1.0000000000,-1.9064198221,-1.8821202675,-1.0000000000
-1.0000000000,-2.7781277712,-1.7879161114,-1.0000000000
-1.0000000000,-2.0142396363,-1.5214611817,-1.0000000000
-1.0000000000,-2.9087816427,-3.3160322300,-1.0000000000
-1.0000000000,-2.9472549967,-0.4363350318,-1.0000000000
-1.0000000000,-2.0946257531,-0.6848427637,-1.0000000000
-1.0000000000,-2.8592367047,-1.0376730186,-1.0000000000
-1.0000000000,-2.1029799381,-2.2102866940,-1.0000000000
-1.0000000000,-1.6283134489,-1.5699145127,-1.0000000000
-1.0000000000,-2.0116343416,-0.1465578110,-1.0000000000
-1.0000000000,-1.9170655897,-2.4595579431,-1.0000000000
-1.0000000000,-1.1362326638,-0.8668984591,-1.0000000000
-1.0000000000,-2.9562015737,-0.9243806724,-1.0000000000
-1.0000000000,-2.0191072265,-1.5077365814,-1.0000000000
-1.0000000000,-2.0593978277,-1.9351682809,-1.0000000000
-1.0000000000,-1.1950101822,-2.3001942300,-1.0000000000
-1.0000000000,-1.5471925958,-3.5767985322,-1.0000000000
-1.0000000000,-2.8592338459,-0.0005113817,-1.0000000000
-1.0000000000,-2.7456066332,-0.4439472505,-1.0000000000
-1.0000000000,-2.6677809450,-0.5991076059,-1.0000000000
-1.0000000000,-2.7314290614,-2.1297133095,-1.0000000000
1.0000000000,2.8098507047,2.0309837994,1.0000000000
1.0000000000,1.4688167876,1.5478750524,1.0000000000
1.0000000000,2.9822226199,3.5544786509,1.0000000000
1.0000000000,2.5187856043,3.4492577812,1.0000000000
1.0000000000,2.3066936939,3.2992551980,1.0000000000
1.0000000000,1.6931258741,2.2223788696,1.0000000000
1.0000000000,1.7580913735,3.2698857072,1.0000000000
1.0000000000,1.0063855114,2.9072034729,1.0000000000
1.0000000000,2.8163958996,1.5293114769,1.0000000000
1.0000000000,2.4356540892,2.9063140628,1.0000000000
1.0000000000,2.9051402491,3.7222506004,1.0000000000
1.0000000000,1.0467474209,3.1410832334,1.0000000000
1.0000000000,2.1822724406,2.6493882591,1.0000000000
1.0000000000,1.4819427047,3.8118769172,1.0000000000
1.0000000000,2.2903145660,0.1080768372,1.0000000000
1.0000000000,2.3730772595,0.5505387024,1.0000000000
1.0000000000,2.1934590204,2.3385995897,1.0000000000
1.0000000000,1.3053160864,3.3256947067,1.0000000000
1.0000000000,1.4877329488,3.7727796601,1.0000000000
1.0000000000,1.5941132987,2.2822542166,1.0000000000
1.0000000000,1.5545035981,3.8016002101,1.0000000000
1.0000000000,2.2332204353,1.7896340898,1.0000000000
1.0000000000,2.4264423700,2.6049199776,1.0000000000
1.0000000000,1.4889547134,0.7053579869,1.0000000000
1.0000000000,1.5871629748,2.0836282375,1.0000000000
1.0000000000,2.9930093269,1.1932700803,1.0000000000
1.0000000000,2.0503700727,3.4149861465,1.0000000000
1.0000000000,2.2160687269,3.5250988752,1.0000000000
1.0000000000,1.8124320262,2.6434436003,1.0000000000
1.0000000000,2.3489597667,0.8432900007,1.0000000000
1.0000000000,2.6202809402,1.5326588911,1.0000000000
1.0000000000,2.1824203183,0.0055415382,1.0000000000
1.0000000000,2.0157630546,2.3915636192,1.0000000000
1.0000000000,2.7422127197,3.2022640011,1.0000000000
1.0000000000,1.6408011272,0.7866621707,1.0000000000
1.0000000000,1.5112288459,1.0459384084,1.0000000000
1.0000000000,2.9290682144,3.5157568416,1.0000000000
1.0000000000,1.4789307673,2.5555131965,1.0000000000
1.0000000000,2.0087993408,2.3180424888,1.0000000000
1.0000000000,2.4986143655,3.1945581568,1.0000000000
1.0000000000,2.4312310367,1.2188000706,1.0000000000
1.0000000000,2.4506767020,0.8801112234,1.0000000000
1.0000000000,2.4873444074,2.0643215266,1.0000000000
1.0000000000,1.8957086097,1.3177787545,1.0000000000
1.0000000000,2.0927344415,2.7337867499,1.0000000000
1.0000000000,2.7831100766,0.7062566017,1.0000000000
1.0000000000,2.5984122724,3.1546449015,1.0000000000
1.0000000000,2.6456229023,0.0005894830,1.0000000000
1.0000000000,1.1213515676,0.1954376603,1.0000000000
1.0000000000,2.4022460852,1.2883121656,1.0000000000
1.0000000000,2.3570000210,0.4520159534,1.0000000000
1.0000000000,2.8273866513,0.3182887795,1.0000000000
1.0000000000,1.3982937469,2.3727934848,1.0000000000
1.0000000000,2.5058549045,3.4983462258,1.0000000000
1.0000000000,1.9009683720,3.3352030931,1.0000000000
1.0000000000,1.1697496622,0.1777469498,1.0000000000
1.0000000000,2.1716246077,3.9322042471,1.0000000000
1.0000000000,2.3005655737,3.9815942035,1.0000000000
1.0000000000,2.3133657349,0.6982773009,1.0000000000
1.0000000000,2.0985689827,2.1357088537,1.0000000000
1.0000000000,1.4510926347,2.8535667667,1.0000000000
1.0000000000,1.8028699463,1.7145830850,1.0000000000
1.0000000000,1.1157735857,2.4726223809,1.0000000000
1.0000000000,2.9826693227,2.1350352241,1.0000000000
1.0000000000,1.4837443613,3.5070439315,1.0000000000
1.0000000000,1.4678792089,2.5730018727,1.0000000000
1.0000000000,1.6636532666,0.2081659245,1.0000000000
1.0000000000,1.9861969088,1.1472842176,1.0000000000
1.0000000000,1.0876302479,3.5123691608,1.0000000000
1.0000000000,1.4606271180,1.6852255159,1.0000000000
1.0000000000,2.5796612766,1.2696813897,1.0000000000
1.0000000000,2.0754298280,2.3250737232,1.0000000000
1.0000000000,1.5968665984,2.9217112031,1.0000000000
1.0000000000,1.8644966396,0.0101872091,1.0000000000
1.0000000000,2.9261889316,1.6286606842,1.0000000000
1.0000000000,2.4500608285,2.4433495448,1.0000000000
1.0000000000,1.6974793562,0.0651919396,1.0000000000
1.0000000000,1.4771434046,1.8005343671,1.0000000000
1.0000000000,2.9643357870,2.3547905428,1.0000000000
1.0000000000,2.7445912625,2.5912870608,1.0000000000
1.0000000000,1.7774812371,1.0533274670,1.0000000000
1.0000000000,1.9005595688,2.6153245541,1.0000000000
1.0000000000,2.2228224041,2.9096941295,1.0000000000
1.0000000000,2.6387687313,0.7539311649,1.0000000000
1.0000000000,1.8196945879,1.2182942872,1.0000000000
1.0000000000,1.1897520004,3.8345326624,1.0000000000
1.0000000000,1.5792941227,2.3397132344,1.0000000000
1.0000000000,2.1981944450,1.8778658808,1.0000000000
1.0000000000,1.1368191494,0.9674833197,1.0000000000
1.0000000000,1.2750709250,2.8737268205,1.0000000000
1.0000000000,2.0876768240,2.3544121819,1.0000000000
1.0000000000,2.3074941671,1.1070407161,1.0000000000
1.0000000000,2.9208820063,0.0028485065,1.0000000000
1.0000000000,1.4859677708,3.9075536695,1.0000000000
1.0000000000,2.3140949371,3.3903342400,1.0000000000
1.0000000000,1.3466494001,0.2332469794,1.0000000000
1.0000000000,2.7010166703,0.7499447089,1.0000000000
1.0000000000,2.9490416203,2.6896338673,1.0000000000
1.0000000000,1.6170275052,2.6739617522,1.0000000000
1.0000000000,2.5152035915,2.7704901460,1.0000000000
1.0000000000,1.3298115386,0.3544503074,-1.0000000000
1.0000000000,1.5392293748,0.8004099065,-1.0000000000
1.0000000000,2.8038572700,0.9115092491,-1.0000000000
1.0000000000,2.8431794117,0.7666115746,-1.0000000000
1.0000000000,2.6246256090,0.2297392552,-1.0000000000
1.0000000000,1.9960541384,1.2436482554,-1.0000000000
1.0000000000,2.2333698512,3.9781814382,-1.0000000000
1.0000000000,2.9958748636,0.0830279406,-1.0000000000
1.0000000000,1.2695742204,3.6498711919,-1.0000000000
1.0000000000,1.3688603014,2.3840313114,-1.0000000000
1.0000000000,1.6116503084,3.3387627936,-1.0000000000
1.0000000000,1.3522663802,2.3661792187,-1.0000000000
1.0000000000,1.3015093294,2.9991354276,-1.0000000000
1.0000000000,2.6596555207,3.9768426541,-1.0000000000
1.0000000000,2.2200196296,3.5956491272,-1.0000000000
1.0000000000,1.7698095624,3.0752135539,-1.0000000000
1.0000000000,2.2140321631,2.8592497874,-1.0000000000
1.0000000000,1.7957430092,1.8066415817,-1.0000000000
1.0000000000,2.9759958907,1.0355601929,-1.0000000000
1.0000000000,2.1068002611,1.8773465890,-1.0000000000
1.0000000000,1.6430487681,2.3224619598,-1.0000000000
1.0000000000,2.2928702773,1.1776674201,-1.0000000000
1.0000000000,1.7151171541,2.5765589658,-1.0000000000
1.0000000000,1.0620834669,2.4578855076,-1.0000000000
1.0000000000,1.7498531434,0.2096066569,-1.0000000000
1.0000000000,2.3525980551,3.6691167986,-1.0000000000
1.0000000000,1.1648519915,1.3945269532,-1.0000000000
1.0000000000,2.7277666213,1.3514503949,-1.0000000000
1.0000000000,1.7686409079,0.1570427593,-1.0000000000
1.0000000000,2.7029722871,0.5598309288,-1.0000000000
1.0000000000,2.6901355401,0.8913261410,-1.0000000000
1.0000000000,1.4148091948,2.6081567570,-1.0000000000
1.0000000000,1.0129897076,2.9443011632,-1.0000000000
1.0000000000,2.5352218875,0.2878403031,-1.0000000000
1.0000000000,2.2621204035,0.3553054865,-1.0000000000
1.0000000000,1.9199204353,3.1606973533,-1.0000000000
1.0000000000,2.2565917129,0.8092277454,-1.0000000000
1.0000000000,2.1583267230,1.0526534627,-1.0000000000
1.0000000000,1.5935837192,2.4259782742,-1.0000000000
1.0000000000,1.7596713921,1.7771728785,-1.0000000000
1.0000000000,1.7684904763,2.9607876480,-1.0000000000
1.0000000000,1.4504212273,0.8821386200,-1.0000000000
1.0000000000,2.5665667706,2.3970000642,-1.0000000000
1.0000000000,2.3085099138,0.7050544622,-1.0000000000
1.0000000000,1.0103319724,1.7588695803,-1.0000000000
1.0000000000,2.6299677366,3.9876509613,-1.0000000000
1.0000000000,2.3881503216,2.3179761193,-1.0000000000
1.0000000000,1.9398953111,1.4936186131,-1.0000000000
1.0000000000,1.1167983972,2.8300061018,-1.0000000000
1.0000000000,2.1540868856,3.9655566545,-1.0000000000
1.0000000000,2.6599845480,3.1437203035,-1.0000000000
1.0000000000,1.1547856449,3.4835428444,-1.0000000000
1.0000000000,2.2865041130,2.4091422088,-1.0000000000
1.0000000000,1.7771648344,0.8713009088,-1.0000000000
1.0000000000,2.4297001233,1.3109746300,-1.0000000000
1.0000000000,1.5574929957,0.2382248209,-1.0000000000
1.0000000000,2.4866050893,2.0680110580,-1.0000000000
1.0000000000,2.6792181143,3.9187153824,-1.0000000000
1.0000000000,1.2038171624,1.1197401481,-1.0000000000
1.0000000000,1.2855056758,1.5595241849,-1.0000000000
1.0000000000,2.8104502635,3.7235286499,-1.0000000000
1.0000000000,2.8553575167,3.5962604686,-1.0000000000
1.0000000000,2.6014696280,2.7541724387,-1.0000000000
1.0000000000,1.4362475186,1.6612581836,-1.0000000000
1.0000000000,1.8324562309,3.4286057144,-1.0000000000
1.0000000000,1.2201760930,0.3130703106,-1.0000000000
1.0000000000,2.2809798804,2.1357559377,-1.0000000000
1.0000000000,1.0745573872,1.9573746559,-1.0000000000
1.0000000000,1.4039415871,1.5779071242,-1.0000000000
1.0000000000,1.6686280257,3.7000973828,-1.0000000000
1.0000000000,2.4529841236,1.3711563224,-1.0000000000
1.0000000000,1.5742983337,0.8497661307,-1.0000000000
1.0000000000,1.9176013227,2.5886637244,-1.0000000000
1.0000000000,1.2232726771,3.5101033240,-1.0000000000
1.0000000000,2.6763906375,1.1780866410,-1.0000000000
1.0000000000,2.4690005452,1.6008440701,-1.0000000000
1.0000000000,1.5073068771,0.2591881164,-1.0000000000
1.0000000000,2.4470055888,2.3357944129,-1.0000000000
1.0000000000,2.0124548796,2.8997726858,-1.0000000000
1.0000000000,2.4976557064,0.1190389230,-1.0000000000
1.0000000000,1.0376010416,0.7170637932,-1.0000000000
1.0000000000,1.2340293258,0.2722395315,-1.0000000000
1.0000000000,2.0165269422,1.9186917841,-1.0000000000
1.0000000000,2.1106487710,0.7623436872,-1.0000000000
1.0000000000,1.5679717841,1.2275610724,-1.0000000000
1.0000000000,2.2712069248,0.4713883330,-1.0000000000
1.0000000000,1.3524955558,1.3495360570,-1.0000000000
1.0000000000,2.7436888835,1.9608518081,-1.0000000000
1.0000000000,2.3140803812,3.2827815487,-1.0000000000
1.0000000000,2.7077462736,2.4105824301,-1.0000000000
1.0000000000,2.5004299610,2.6542917849,-1.0000000000
1.0000000000,2.5977721480,0.1467243716,-1.0000000000
1.0000000000,2.4589798996,1.4285422024,-1.0000000000
1.0000000000,2.5019634915,0.4299635216,-1.0000000000
1.0000000000,1.1208516990,2.8877048352,-1.0000000000
1.0000000000,2.4860334205,1.3061730031,-1.0000000000
1.0000000000,2.1298439905,3.8172070257,-1.0000000000
1.0000000000,2.8190613758,0.7571996078,-1.0000000000
1.0000000000,2.4872389810,2.2731601770,-1.0000000000
1.0000000000,2.7014852321,0.5184965967,-1.0000000000
1.0000000000,1.0407518360,-1.7899393337,1.0000000000
1.0000000000,1.7380596659,-1.1403886988,1.0000000000
1.0000000000,2.3581673459,-1.2141743161,1.0000000000
1.0000000000,2.8524850284,-1.9481502535,1.0000000000
1.0000000000,2.4330476133,-0.6151260904,1.0000000000
1.0000000000,1.6974032514,-3.5435421557,1.0000000000
1.0000000000,2.4027646354,-2.0836295511,1.0000000000
1.0000000000,2.0859863297,-0.0210114152,1.0000000000
1.0000000000,1.9843208266,-0.8878868046,1.0000000000
1.0000000000,2.7257849796,-2.1474082027,1.0000000000
1.0000000000,2.4848199044,-3.7369954158,1.0000000000
1.0000000000,2.8085292092,-0.3710027893,1.0000000000
1.0000000000,1.0117864856,-3.4944705593,1.0000000000
1.0000000000,1.7421050297,-3.1334119039,1.0000000000
1.0000000000,1.4712925941,-1.1047035822,1.0000000000
1.0000000000,2.8475744698,-0.2283030294,1.0000000000
1.0000000000,1.5585348640,-0.8860924835,1.0000000000
1.0000000000,2.9548406403,-1.6070749121,1.0000000000
1.0000000000,1.4241685524,-2.2038302185,1.0000000000
1.0000000000,2.7458020265,-0.0417825950,1.0000000000
1.0000000000,2.1593917894,-3.4783810540,1.0000000000
1.0000000000,1.8524438232,-3.6586315521,1.0000000000
1.0000000000,1.8484364608,-1.9324827802,1.0000000000
1.0000000000,2.2618736167,-0.2760881765,1.0000000000
1.0000000000,1.8756875561,-1.5658376727,1.0000000000
1.0000000000,1.9857105079,-1.1533424515,1.0000000000
1.0000000000,1.2455914086,-1.7425917199,1.0000000000
1.0000000000,1.0319381714,-1.2188800159,1.0000000000
1.0000000000,2.0289844768,-1.2886813151,1.0000000000
1.0000000000,2.2827077689,-3.2716448073,1.0000000000
1.0000000000,1.3451070233,-2.8721939860,1.0000000000
1.0000000000,2.7652846509,-3.8536514613,1.0000000000
1.0000000000,1.5906323285,-2.8296863904,1.0000000000
1.0000000000,2.8662701376,-1.6566661242,1.0000000000
1.0000000000,2.8112899312,-3.1646789121,1.0000000000
1.0000000000,1.9351844699,-1.2747533619,1.0000000000
1.0000000000,2.9927380993,-1.5334379173,1.0000000000
1.0000000000,2.5472203641,-3.6380243868,1.0000000000
1.0000000000,2.9591869821,-3.9888816617,1.0000000000
1.0000000000,2.2642729691,-0.9984872540,1.0000000000
1.0000000000,2.3650871779,-3.6206036176,1.0000000000
1.0000000000,2.3140095236,-2.9945535491,1.0000000000
1.0000000000,2.6824024399,-1.4421543209,1.0000000000
1.0000000000,1.9137670696,-0.4961284338,1.0000000000
1.0000000000,2.7776763546,-2.5988615715,1.0000000000
1.0000000000,1.1098526918,-1.2236855397,1.0000000000
1.0000000000,1.1292823505,-3.5855952449,1.0000000000
1.0000000000,1.6752406186,-0.0643494980,1.0000000000
1.0000000000,2.4597165778,-1.5976518242,1.0000000000
1.0000000000,2.2417236837,-3.5269754050,1.0000000000
1.0000000000,2.9365411709,-1.6300702072,1.0000000000
1.0000000000,1.7369150562,-2.5567006852,1.0000000000
1.0000000000,2.9522871775,-1.9287938415,1.0000000000
1.0000000000,1.3279758940,-0.3394442342,1.0000000000
1.0000000000,1.2007663655,-0.6172060483,1.0000000000
1.0000000000,1.1326076921,-0.3476497833,1.0000000000
1.0000000000,1.8065366293,-2.8439304777,1.0000000000
1.0000000000,1.2853369247,-1.3578482306,1.0000000000
1.0000000000,1.0287315580,-0.8481780731,1.0000000000
1.0000000000,1.3621381979,-3.2132504268,1.0000000000
1.0000000000,1.5894453342,-3.7191852293,1.0000000000
1.0000000000,2.1743899580,-2.0508899793,1.0000000000
1.0000000000,2.8118517076,-1.8576596606,1.0000000000
1.0000000000,2.9120257371,-1.7168132098,1.0000000000
1.0000000000,1.9106303787,-1.3230203035,1.0000000000
1.0000000000,2.7584248873,-2.3428117576,1.0000000000
1.0000000000,1.5258845750,-0.3202100720,1.0000000000
1.0000000000,2.2853060253,-0.6922811304,1.0000000000
1.0000000000,1.6725692704,-0.3731849301,1.0000000000
1.0000000000,1.8479991744,-1.7854124663,1.0000000000
1.0000000000,1.0084784822,-2.3120762794,1.0000000000
1.0000000000,2.0566302705,-3.2698111674,1.0000000000
1.0000000000,1.5782269721,-3.2696249140,1.0000000000
1.0000000000,2.8144589006,-2.8502864532,1.0000000000
1.0000000000,1.0922514306,-1.4875797830,1.0000000000
1.0000000000,2.3468069305,-2.5833649431,1.0000000000
1.0000000000,2.0633001365,-2.7312210984,1.0000000000
1.0000000000,2.2490317159,-2.1508073858,1.0000000000
1.0000000000,2.5772381670,-3.6554980678,1.0000000000
1.0000000000,1.6756733659,-3.0898607427,1.0000000000
1.0000000000,1.2486049996,-2.4070608252,1.0000000000
1.0000000000,2.9941684508,-0.6763877167,1.0000000000
1.0000000000,2.4318796873,-1.6835096080,1.0000000000
1.0000000000,1.1662561248,-0.3733047191,1.0000000000
1.0000000000,2.6930391580,-0.0159091277,1.0000000000
1.0000000000,1.9785079587,-2.2449055783,1.0000000000
1.0000000000,1.0547360220,-1.2484177965,1.0000000000
1.0000000000,1.7832826077,-1.5533844506,1.0000000000
1.0000000000,1.5268366867,-1.4467910786,1.0000000000
1.0000000000,2.1295502382,-3.2239797302,1.0000000000
1.0000000000,1.1870530973,-3.1916268593,1.0000000000
1.0000000000,1.6952507569,-0.5119939358,1.0000000000
1.0000000000,2.4428310989,-3.0997049235,1.0000000000
1.0000000000,1.8149554606,-1.5747055127,1.0000000000
1.0000000000,1.8597627670,-1.5539458446,1.0000000000
1.0000000000,2.4201126258,-2.5328964105,1.0000000000
1.0000000000,2.6389355401,-0.6235058983,1.0000000000
1.0000000000,2.9863073561,-1.4373946109,1.0000000000
1.0000000000,1.8151511975,-1.9317562535,1.0000000000
1.0000000000,2.6576253845,-2.0256315378,1.0000000000
1.0000000000,2.9385044913,-1.5344703901,-1.0000000000
1.0000000000,1.2469963555,-2.3923223891,-1.0000000000
1.0000000000,1.4190899939,-2.6780563360,-1.0000000000
1.0000000000,2.5423419806,-3.6891249571,-1.0000000000
1.0000000000,1.8961610955,-1.8099301108,-1.0000000000
1.0000000000,1.8364961389,-3.5256573064,-1.0000000000
1.0000000000,2.5765544939,-0.2875316875,-1.0000000000
1.0000000000,1.0805701734,-0.5992801708,-1.0000000000
1.0000000000,2.1293017747,-1.6121175315,-1.0000000000
1.0000000000,1.4565258296,-0.5537541325,-1.0000000000
1.0000000000,2.1107388391,-1.4957696336,-1.0000000000
1.0000000000,2.9165436408,-1.3436708513,-1.0000000000
1.0000000000,1.8675894422,-0.8918604611,-1.0000000000
1.0000000000,2.9886167984,-1.2322114328,-1.0000000000
1.0000000000,2.9757401860,-3.7458179353,-1.0000000000
1.0000000000,1.2173482266,-3.8437417211,-1.0000000000
1.0000000000,2.8317142297,-3.1153064599,-1.0000000000
1.0000000000,2.0628754220,-1.5721850707,-1.0000000000
1.0000000000,2.0564631618,-0.4689500881,-1.0000000000
1.0000000000,2.4875741001,-3.6210257064,-1.0000000000
1.0000000000,1.3800450678,-3.6004451754,-1.0000000000
1.0000000000,2.6712848793,-3.7747157966,-1.0000000000
1.0000000000,1.8674157654,-3.9772269321,-1.0000000000
1.0000000000,1.8922255982,-3.4437665500,-1.0000000000
1.0000000000,2.0166192548,-0.3146578711,-1.0000000000
1.0000000000,1.9969760579,-1.1389851205,-1.0000000000
1.0000000000,1.9982188081,-0.7984580219,-1.0000000000
1.0000000000,2.7803575657,-2.4990468889,-1.0000000000
1.0000000000,2.5793372022,-2.6225984858,-1.0000000000
1.0000000000,1.4423157033,-0.3168960180,-1.0000000000
1.0000000000,2.0201438182,-1.2200283107,-1.0000000000
1.0000000000,1.6175003772,-3.9973591591,-1.0000000000
1.0000000000,1.7991080382,-3.0899952979,-1.0000000000
1.0000000000,1.0978115109,-1.9889488746,-1.0000000000
1.0000000000,2.6993055837,-3.0400545077,-1.0000000000
1.0000000000,1.7676332978,-3.3523678428,-1.0000000000
1.0000000000,2.0085815460,-0.1356556690,-1.0000000000
1.0000000000,2.1932803943,-1.5658865006,-1.0000000000
1.0000000000,2.3310652650,-1.1203523833,-1.0000000000
1.0000000000,1.6927746604,-3.3581455068,-1.0000000000
1.0000000000,1.0366019480,-0.6964241982,-1.0000000000
1.0000000000,1.0316065558,-3.0623947275,-1.0000000000
1.0000000000,2.3739455625,-3.2281607390,-1.0000000000
1.0000000000,2.4722709037,-3.1701173548,-1.0000000000
1.0000000000,2.6934765789,-0.4398219091,-1.0000000000
1.0000000000,1.0712860682,-0.1365501998,-1.0000000000
1.0000000000,2.6210396995,-0.8888512240,-1.0000000000
1.0000000000,2.9594284056,-3.5145851306,-1.0000000000
1.0000000000,2.7175401706,-1.1616805553,-1.0000000000
1.0000000000,2.4892217682,-1.0731943013,-1.0000000000
1.0000000000,2.9540427079,-2.4949920890,-1.0000000000
1.0000000000,1.6652439148,-0.5430119948,-1.0000000000
1.0000000000,1.5389949004,-3.7637833761,-1.0000000000
1.0000000000,1.3750018610,-1.5271221556,-1.0000000000
1.0000000000,1.4563184270,-1.6088511596,-1.0000000000
1.0000000000,2.0181736471,-1.4336192322,-1.0000000000
1.0000000000,1.4724157483,-2.9722792697,-1.0000000000
1.0000000000,1.5835815366,-2.9232081008,-1.0000000000
1.0000000000,2.9661597285,-0.0366212499,-1.0000000000
1.0000000000,1.5032769233,-1.3544783396,-1.0000000000
1.0000000000,2.5908411946,-0.9084927228,-1.0000000000
1.0000000000,1.8731961666,-1.1203463036,-1.0000000000
1.0000000000,1.7338046713,-2.1257737597,-1.0000000000
1.0000000000,2.0706585771,-0.3747043921,-1.0000000000
1.0000000000,2.6709074977,-3.2140500787,-1.0000000000
1.0000000000,1.7719167266,-0.3699679118,-1.0000000000
1.0000000000,1.4382090398,-1.5923056725,-1.0000000000
1.0000000000,2.0357765129,-3.4992061396,-1.0000000000
1.0000000000,1.9867111978,-1.7083709671,-1.0000000000
1.0000000000,2.6226426776,-1.3249990670,-1.0000000000
1.0000000000,1.2347911608,-3.5332182763,-1.0000000000
1.0000000000,2.9917401759,-3.7486117949,-1.0000000000
1.0000000000,2.0833519284,-1.8908558193,-1.0000000000
1.0000000000,2.4280099596,-1.6580837576,-1.0000000000
1.0000000000,2.1104564592,-2.1122250125,-1.0000000000
1.0000000000,2.5491720411,-0.9559713740,-1.0000000000
1.0000000000,2.2830311086,-3.0670481494,-1.0000000000
1.0000000000,1.9636156309,-3.8341438294,-1.0000000000
1.0000000000,2.9036261992,-0.5065182340,-1.0000000000
1.0000000000,1.2976624081,-3.1295183518,-1.0000000000
1.0000000000,1.9599600600,-0.1255469019,-1.0000000000
1.0000000000,2.9140950123,-2.4361629145,-1.0000000000
1.0000000000,2.1468191358,-1.0781101219,-1.0000000000
1.0000000000,2.7852794751,-2.6427736643,-1.0000000000
1.0000000000,2.9751133992,-0.7224359602,-1.0000000000
1.0000000000,1.6377884215,-1.3765633668,-1.0000000000
1.0000000000,2.3100805509,-3.3996755234,-1.0000000000
1.0000000000,1.3172381551,-1.6145608654,-1.0000000000
1.0000000000,2.7793935633,-3.4547231508,-1.0000000000
1.0000000000,1.2972290310,-1.4988457833,-1.0000000000
1.0000000000,1.9903746312,-1.6411910610,-1.0000000000
1.0000000000,1.9722021971,-2.1554584046,-1.0000000000
1.0000000000,2.6615766916,-3.6833036192,-1.0000000000
1.0000000000,1.2674226574,-0.0138555590,-1.0000000000
1.0000000000,2.2322330081,-0.3019457809,-1.0000000000
1.0000000000,2.4518441503,-2.7001738576,-1.0000000000
1.0000000000,2.9063285147,-0.5047781953,-1.0000000000
1.0000000000,2.2890148486,-0.1535009451,-1.0000000000
1.0000000000,1.4967437569,-0.8484595729,-1.0000000000
1.0000000000,2.7036487161,-0.2042738118,-1.0000000000
1.0000000000,-2.4765285416,1.2129147506,1.0000000000
1.0000000000,-2.8156378890,0.6540533213,1.0000000000
1.0000000000,-1.7579750700,1.4251416639,1.0000000000
1.0000000000,-2.7696464416,0.9237569959,1.0000000000
1.0000000000,-1.7168003158,3.9481429171,1.0000000000
1.0000000000,-1.5625917097,3.9742238231,1.0000000000
1.0000000000,-2.1159544869,1.5798754409,1.0000000000
1.0000000000,-1.7631774321,2.9753398816,1.0000000000
1.0000000000,-1.4065967954,3.0312213648,1.0000000000
1.0000000000,-1.5690363089,0.2011701827,1.0000000000
1.0000000000,-1.7044156586,0.4639100645,1.0000000000
1.0000000000,-1.4028358998,0.8271797301,1.0000000000
1.0000000000,-2.1757301166,2.8501355756,1.0000000000
1.0000000000,-2.3529526390,2.8577754141,1.0000000000
1.0000000000,-1.2310516919,2.7135858428,1.0000000000
1.0000000000,-1.1172325984,3.4854685206,1.0000000000
1.0000000000,-1.3024872395,1.0813136899,1.0000000000
1.0000000000,-1.0721236107,0.4164209399,1.0000000000
1.0000000000,-2.9348507685,0.2307997518,1.0000000000
1.0000000000,-1.5063085409,0.4034358642,1.0000000000
1.0000000000,-1.6365325213,1.2441539988,1.0000000000
1.0000000000,-2.7259634335,1.7295337228,1.0000000000
1.0000000000,-2.3268220157,2.2415684589,1.0000000000
1.0000000000,-2.7493934391,2.4933657104,1.0000000000
1.0000000000,-1.0102870679,1.3335166286,1.0000000000
1.0000000000,-2.9801096403,0.3651305652,1.0000000000
1.0000000000,-1.1973402951,1.2043471113,1.0000000000
1.0000000000,-1.1884237134,1.5562211339,1.0000000000
1.0000000000,-2.7704652503,1.6151974390,1.0000000000
1.0000000000,-1.5906107098,3.8335454466,1.0000000000
1.0000000000,-1.4734340573,0.6108870654,1.0000000000
1.0000000000,-2.2619040080,0.1974249398,1.0000000000
1.0000000000,-1.0872000662,0.0923478665,1.0000000000
1.0000000000,-1.9050516982,0.4801567488,1.0000000000
1.0000000000,-2.5396636218,0.2259103201,1.0000000000
1.0000000000,-2.9130262443,3.4164958797,1.0000000000
1.0000000000,-1.0378661018,3.1788925130,1.0000000000
1.0000000000,-1.5808562825,0.6342818502,1.0000000000
1.0000000000,-2.8188557388,1.7377288835,1.0000000000
1.0000000000,-1.3915991447,2.0453903310,1.0000000000
1.0000000000,-2.8034032196,1.3525154537,1.0000000000
1.0000000000,-2.1278354090,1.4241648854,1.0000000000
1.0000000000,-1.5345154057,1.5780055981,1.0000000000
1.0000000000,-1.4739951156,3.9931028681,1.0000000000
1.0000000000,-1.2188710561,2.2826199799,1.0000000000
1.0000000000,-1.6407906603,2.1720001116,1.0000000000
1.0000000000,-1.7477057440,3.5298984307,1.0000000000
1.0000000000,-1.7818021638,3.2661216652,1.0000000000
1.0000000000,-2.6681606193,1.8463753510,1.0000000000
1.0000000000,-2.3080994041,3.9303050252,1.0000000000
1.0000000000,-1.5890456701,2.7669239074,1.0000000000
1.0000000000,-1.4683908031,3.8283488663,1.0000000000
1.0000000000,-1.6534478072,1.2123333104,1.0000000000
1.0000000000,-2.4894149553,2.1811817789,1.0000000000
1.0000000000,-2.6299535608,1.8078273396,1.0000000000
1.0000000000,-1.8000120916,1.3919328749,1.0000000000
1.0000000000,-2.2808668588,0.1928740438,1.0000000000
1.0000000000,-2.5100202936,0.3763310495,1.0000000000
1.0000000000,-1.0387722235,2.1805130215,1.0000000000
1.0000000000,-1.9501944824,1.1905517678,1.0000000000
1.0000000000,-2.8432764714,1.9827232099,1.0000000000
1.0000000000,-1.9446634732,3.2069623012,1.0000000000
1.0000000000,-1.5197633843,2.2953528920,1.0000000000
1.0000000000,-1.0751724238,2.5132034935,1.0000000000
1.0000000000,-2.6895811142,0.0855789764,1.0000000000
1.0000000000,-2.5486931908,3.2911480043,1.0000000000
1.0000000000,-2.6358752808,2.1153577170,1.0000000000
1.0000000000,-2.1088327583,2.7643781006,1.0000000000
1.0000000000,-1.1531410877,1.6414228956,1.0000000000
1.0000000000,-1.5682055375,1.9295468800,1.0000000000
1.0000000000,-1.5444204166,2.3063958966,1.0000000000
1.0000000000,-1.2073503375,2.4131893844,1.0000000000
1.0000000000,-1.7806331499,0.7071923937,1.0000000000
1.0000000000,-1.1265904810,3.2529329021,1.0000000000
1.0000000000,-2.4615432037,2.4899239266,1.0000000000
1.0000000000,-2.3068005036,2.4606071289,1.0000000000
1.0000000000,-1.6035794391,1.4554355603,1.0000000000
1.0000000000,-1.7219763900,1.3372581178,1.0000000000
1.0000000000,-2.7826748518,0.8906181299,1.0000000000
1.0000000000,-2.2632233749,3.6298559550,1.0000000000
1.0000000000,-2.6727523539,0.4378109957,1.0000000000
1.0000000000,-2.7208833980,1.7605021869,1.0000000000
1.0000000000,-1.7265390981,2.0203190659,1.0000000000
1.0000000000,-2.9012244075,2.3187698283,1.0000000000
1.0000000000,-2.9012759656,1.7008633227,1.0000000000
1.0000000000,-2.8491892758,0.0525726827,1.0000000000
1.0000000000,-2.7695162004,2.3235364445,1.0000000000
1.0000000000,-1.6026701215,2.7686715053,1.0000000000
1.0000000000,-1.7716566729,0.4554866358,1.0000000000
1.0000000000,-1.4184750756,1.0485651413,1.0000000000
1.0000000000,-1.5706966732,1.7035089799,1.0000000000
1.0000000000,-2.3339700577,0.9544934736,1.0000000000
1.0000000000,-2.2406066510,2.5011940804,1.0000000000
1.0000000000,-1.6186110978,0.9854464478,1.0000000000
1.0000000000,-1.7873090532,0.2665711658,1.0000000000
1.0000000000,-2.5451891068,1.9330477961,1.0000000000
1.0000000000,-2.4512317129,0.1641909978,1.0000000000
1.0000000000,-2.1372265765,2.9812557675,1.0000000000
1.0000000000,-1.3001516794,0.6714190875,1.0000000000
1.0000000000,-2.9876178582,1.8366990019,1.0000000000
1.0000000000,-1.7449533748,0.4216357937,-1.0000000000
1.0000000000,-2.3461275434,2.4195706305,-1.0000000000
1.0000000000,-1.3353476992,3.9941017266,-1.0000000000
1.0000000000,-2.1733876636,3.0007091678,-1.0000000000
1.0000000000,-2.2366995366,3.1300779264,-1.0000000000
1.0000000000,-1.7118542776,0.0966143022,-1.0000000000
1.0000000000,-1.1967111408,3.6865414443,-1.0000000000
1.0000000000,-2.9726295885,1.4717107297,-1.0000000000
1.0000000000,-1.4929453739,3.3157826288,-1.0000000000
1.0000000000,-1.8688490958,0.1563891368,-1.0000000000
1.0000000000,-2.9509196485,2.8874816177,-1.0000000000
1.0000000000,-2.2586830045,3.0958369336,-1.0000000000
1.0000000000,-2.9178399413,3.0849020434,-1.0000000000
1.0000000000,-1.4281881674,3.2020390722,-1.0000000000
1.0000000000,-1.2684838131,0.1970617759,-1.0000000000
1.0000000000,-1.3236947800,1.3294547899,-1.0000000000
1.0000000000,-2.0182937999,0.8520970907,-1.0000000000
1.0000000000,-1.4710938548,1.3661956104,-1.0000000000
1.0000000000,-2.7081174462,1.8355518566,-1.0000000000
1.0000000000,-1.1198602762,0.5364458416,-1.0000000000
1.0000000000,-2.7569051739,1.2992989123,-1.0000000000
1.0000000000,-1.8124255231,0.3020560200,-1.0000000000
1.0000000000,-1.4645185204,2.4943516982,-1.0000000000
1.0000000000,-1.0750442983,2.8136699729,-1.0000000000
1.0000000000,-2.5452994553,1.6171192224,-1.0000000000
1.0000000000,-2.6888376656,2.2562148616,-1.0000000000
1.0000000000,-1.4677183602,0.8426616577,-1.0000000000
1.0000000000,-2.3707482180,1.4369526944,-1.0000000000
1.0000000000,-2.3433231268,3.4469459775,-1.0000000000
1.0000000000,-1.4001175518,1.1234848259,-1.0000000000
1.0000000000,-1.5154068905,2.9744686641,-1.0000000000
1.0000000000,-1.4651045023,3.7761733106,-1.0000000000
1.0000000000,-1.7393986850,1.1524684700,-1.0000000000
1.0000000000,-1.2789426527,3.3382255648,-1.0000000000
1.0000000000,-1.9694094296,0.1712742666,-1.0000000000
1.0000000000,-2.9423071803,2.0189486172,-1.0000000000
1.0000000000,-1.7955196432,3.4034524899,-1.0000000000
1.0000000000,-1.7099138264,2.0441793208,-1.0000000000
1.0000000000,-2.1892949492,2.6457890702,-1.0000000000
1.0000000000,-1.0987814904,3.8837884349,-1.0000000000
1.0000000000,-1.7379740018,1.8932033462,-1.0000000000
1.0000000000,-1.2732866014,0.9229371250,-1.0000000000
1.0000000000,-1.7438944939,1.7538958576,-1.0000000000
1.0000000000,-2.9409652063,2.6833647464,-1.0000000000
1.0000000000,-1.0345451222,2.9423470801,-1.0000000000
1.0000000000,-2.2137538383,1.4352735133,-1.0000000000
1.0000000000,-1.4897995170,2.1063562961,-1.0000000000
1.0000000000,-2.4732109533,2.6402522815,-1.0000000000
1.0000000000,-1.5298902983,0.7901259282,-1.0000000000
1.0000000000,-2.4900456443,2.4413316257,-1.0000000000
1.0000000000,-1.0882870338,3.7150849919,-1.0000000000
1.0000000000,-1.0658144086,0.4650416595,-1.0000000000
1.0000000000,-1.8500904559,0.8051696129,-1.0000000000
1.0000000000,-1.6844549032,3.1010446909,-1.0000000000
1.0000000000,-1.5003604756,1.9295961717,-1.0000000000
1.0000000000,-2.0190538186,1.7366761821,-1.0000000000
1.0000000000,-1.5042553844,1.4381237762,-1.0000000000
1.0000000000,-1.2149265722,1.4766385022,-1.0000000000
1.0000000000,-2.6660591733,1.0299783455,-1.0000000000
1.0000000000,-2.1870448945,1.7983218784,-1.0000000000
1.0000000000,-1.4404408924,3.5898010906,-1.0000000000
1.0000000000,-2.2453922364,1.3278873752,-1.0000000000
1.0000000000,-1.7090400034,2.5005995474,-1.0000000000
1.0000000000,-2.3030851517,2.4862243743,-1.0000000000
1.0000000000,-2.4094318053,1.0287146370,-1.0000000000
1.0000000000,-1.8181996996,2.8481130339,-1.0000000000
1.0000000000,-1.1657137033,3.1132749547,-1.0000000000
1.0000000000,-1.0669063216,1.5642281563,-1.0000000000
1.0000000000,-1.9677054908,1.4029808590,-1.0000000000
1.0000000000,-2.8031364045,3.3932945082,-1.0000000000
1.0000000000,-1.1737439616,0.0559154765,-1.0000000000
1.0000000000,-1.8290450408,3.0619648261,-1.0000000000
1.0000000000,-1.2329863964,2.5413583679,-1.0000000000
1.0000000000,-1.7806394639,1.5055664759,-1.0000000000
1.0000000000,-1.5274742225,3.3960784188,-1.0000000000
1.0000000000,-2.6009631406,2.4324230596,-1.0000000000
1.0000000000,-2.8966379048,2.4496839782,-1.0000000000
1.0000000000,-2.9003064872,3.7889838207,-1.0000000000
1.0000000000,-1.9570592851,0.9151462895,-1.0000000000
1.0000000000,-2.0311351651,3.3030675297,-1.0000000000
1.0000000000,-2.5777674720,0.5806327174,-1.0000000000
1.0000000000,-1.4895915238,1.1916716441,-1.0000000000
1.0000000000,-1.6767222821,0.1423844161,-1.0000000000
1.0000000000,-1.6093676578,0.3264473046,-1.0000000000
1.0000000000,-1.8164334113,2.3047948380,-1.0000000000
1.0000000000,-2.2065322082,2.7257589616,-1.0000000000
1.0000000000,-1.8146999036,2.3637480341,-1.0000000000
1.0000000000,-1.1227071785,0.5107097232,-1.0000000000
1.0000000000,-1.4275753285,1.6831972570,-1.0000000000
1.0000000000,-1.7352782526,1.0057628594,-1.0000000000
1.0000000000,-2.8139974319,0.6609895285,-1.0000000000
1.0000000000,-1.7984284181,2.5469149540,-1.0000000000
1.0000000000,-1.2894870855,1.8134309999,-1.0000000000
1.0000000000,-1.3762298511,3.2495440588,-1.0000000000
1.0000000000,-1.5558206393,2.9811723746,-1.0000000000
1.0000000000,-2.2511198216,2.3381805164,-1.0000000000
1.0000000000,-1.1062920653,1.6523160171,-1.0000000000
1.0000000000,-2.1206384492,1.7247774735,-1.0000000000
1.0000000000,-2.2670746278,3.2292852452,-1.0000000000
1.0000000000,-2.2195290060,2.1504078014,-1.0000000000
1.0000000000,-2.5170901701,-0.4903908501,1.0000000000
1.0000000000,-1.1640394152,-0.2757546331,1.0000000000
1.0000000000,-1.3507263800,-3.6332304578,1.0000000000
1.0000000000,-1.4735797790,-2.6132858447,1.0000000000
1.0000000000,-2.5830238561,-2.6130079249,1.0000000000
1.0000000000,-2.9672380775,-2.9804244828,1.0000000000
1.0000000000,-2.4677015309,-1.7242843525,1.0000000000
1.0000000000,-2.3607190459,-2.5274729125,1.0000000000
1.0000000000,-2.2317842759,-3.1069999404,1.0000000000
1.0000000000,-2.1991260151,-1.4177651615,1.0000000000
1.0000000000,-1.3356514971,-3.8631677851,1.0000000000
1.0000000000,-1.2642404891,-1.1505554108,1.0000000000
1.0000000000,-2.4513500793,-0.4942089264,1.0000000000
1.0000000000,-1.6339972555,-3.9691153223,1.0000000000
1.0000000000,-2.8664930091,-3.5015660936,1.0000000000
1.0000000000,-2.2158448999,-1.7840545256,1.0000000000
1.0000000000,-2.6294159413,-2.1055664441,1.0000000000
1.0000000000,-2.2907138715,-1.1128532143,1.0000000000
1.0000000000,-1.6849127049,-0.9392457941,1.0000000000
1.0000000000,-1.3023709071,-1.9965643529,1.0000000000
1.0000000000,-1.3733708645,-1.1408857804,1.0000000000
1.0000000000,-2.5879020077,-1.3788245926,1.0000000000
1.0000000000,-1.4188614044,-2.9456700614,1.0000000000
1.0000000000,-2.2464637535,-1.9439918615,1.0000000000
1.0000000000,-2.8443754381,-2.1791625856,1.0000000000
1.0000000000,-1.8278256487,-3.4994970556,1.0000000000
1.0000000000,-1.4866460139,-2.6518216217,1.0000000000
1.0000000000,-1.0011874578,-1.0591295760,1.0000000000
1.0000000000,-2.1791390382,-2.9300181541,1.0000000000
1.0000000000,-2.4596289072,-1.8019621864,1.0000000000
1.0000000000,-2.5304558511,-3.3153396061,1.0000000000
1.0000000000,-1.3084871830,-1.2143198398,1.0000000000
1.0000000000,-1.8754287002,-3.0710481778,1.0000000000
1.0000000000,-1.9950888796,-2.2247021663,1.0000000000
1.0000000000,-2.1887800956,-3.5315996275,1.0000000000
1.0000000000,-2.6571793597,-1.4062324133,1.0000000000
1.0000000000,-1.0253608830,-1.4492943591,1.0000000000
1.0000000000,-1.2993958598,-3.2212035478,1.0000000000
1.0000000000,-1.6062786794,-3.0983353687,1.0000000000
1.0000000000,-2.1227132977,-2.9033916048,1.0000000000
1.0000000000,-1.4887174883,-2.1391665491,1.0000000000
1.0000000000,-1.3048272960,-1.8804610475,1.0000000000
1.0000000000,-1.2310345787,-0.7707581562,1.0000000000
1.0000000000,-1.6540319931,-0.3093903473,1.0000000000
1.0000000000,-1.7459825412,-1.8950358457,1.0000000000
1.0000000000,-1.8683878778,-1.7012909094,1.0000000000
1.0000000000,-2.1143157203,-0.9661416977,1.0000000000
1.0000000000,-2.6339796781,-1.6659154395,1.0000000000
1.0000000000,-2.5492766194,-1.6122071311,1.0000000000
1.0000000000,-2.4152744141,-3.0592580636,1.0000000000
1.0000000000,-2.4055329691,-0.6121877193,1.0000000000
1.0000000000,-1.3558216786,-1.7126396016,1.0000000000
1.0000000000,-1.3207767996,-0.4657861722,1.0000000000
1.0000000000,-2.5134270173,-0.5760307622,1.0000000000
1.0000000000,-1.5202526861,-1.5983887236,1.0000000000
1.0000000000,-1.7852528952,-0.8186851124,1.0000000000
1.0000000000,-2.1163390252,-1.0625367918,1.0000000000
1.0000000000,-1.4143603375,-3.7025820759,1.0000000000
1.0000000000,-2.4908768920,-2.1532728600,1.0000000000
1.0000000000,-2.1665661153,-2.6753072780,1.0000000000
1.0000000000,-1.6865471842,-3.7672329257,1.0000000000
1.0000000000,-1.1859149217,-3.7122812279,1.0000000000
1.0000000000,-1.4494584302,-1.7638101793,1.0000000000
1.0000000000,-2.7828663895,-3.3062714731,1.0000000000
1.0000000000,-1.7834988499,-3.9468478267,1.0000000000
1.0000000000,-1.9536491255,-1.1260195694,1.0000000000
1.0000000000,-2.5132300077,-3.4516542095,1.0000000000
1.0000000000,-1.4363004047,-1.8891617456,1.0000000000
1.0000000000,-2.6767364924,-2.1446974727,1.0000000000
1.0000000000,-1.8298969138,-2.1935806082,1.0000000000
1.0000000000,-1.6853143355,-1.3428147182,1.0000000000
1.0000000000,-2.3421009331,-2.5029206046,1.0000000000
1.0000000000,-2.2110187083,-2.0496661556,1.0000000000
1.0000000000,-2.3767224845,-3.0752855052,1.0000000000
1.0000000000,-1.4496400019,-2.6278728871,1.0000000000
1.0000000000,-1.1415104421,-2.4025212308,1.0000000000
1.0000000000,-1.6168000077,-0.1045902168,1.0000000000
1.0000000000,-2.5342927804,-3.4284367950,1.0000000000
1.0000000000,-2.6381027651,-3.0300292489,1.0000000000
1.0000000000,-2.9045668559,-0.9901694591,1.0000000000
1.0000000000,-1.6911379999,-2.2256263638,1.0000000000
1.0000000000,-2.2568231846,-2.9898723946,1.0000000000
1.0000000000,-1.1330177795,-0.1046039411,1.0000000000
1.0000000000,-1.3572551459,-3.0719779889,1.0000000000
1.0000000000,-1.5691568888,-0.9264512209,1.0000000000
1.0000000000,-1.2666278651,-0.9741968183,1.0000000000
1.0000000000,-2.5710047476,-2.1692203528,1.0000000000
1.0000000000,-1.0215714514,-2.2176941024,1.0000000000
1.0000000000,-2.7089273470,-2.0509318123,1.0000000000
1.0000000000,-1.2310960807,-3.2686040231,1.0000000000
1.0000000000,-2.2698342457,-2.0862618791,1.0000000000
1.0000000000,-2.6876890726,-2.1690939861,1.0000000000
1.0000000000,-1.3434350995,-3.4471391534,1.0000000000
1.0000000000,-2.5501150183,-1.6344500979,1.0000000000
1.0000000000,-1.4269761892,-3.9932754153,1.0000000000
1.0000000000,-2.2340161469,-2.1502286730,1.0000000000
1.0000000000,-1.7750022034,-2.9393299544,1.0000000000
1.0000000000,-1.2637929051,-3.4352975704,1.0000000000
1.0000000000,-2.4901529344,-3.1578508230,1.0000000000
1.0000000000,-2.7643475558,-3.1577126483,1.0000000000
1.0000000000,-1.5520495576,-0.1388986522,-1.0000000000
1.0000000000,-1.9928856297,-2.2399778016,-1.0000000000
1.0000000000,-2.9185238320,-2.3216793788,-1.0000000000
1.0000000000,-2.4541788775,-1.7262766178,-1.0000000000
1.0000000000,-2.7145491844,-1.2968766412,-1.0000000000
1.0000000000,-1.4909366676,-0.8641513202,-1.0000000000
1.0000000000,-1.8190248478,-2.7196304667,-1.0000000000
1.0000000000,-1.6876602306,-2.7017509799,-1.0000000000
1.0000000000,-2.8611758319,-2.6087125031,-1.0000000000
1.0000000000,-1.7157282877,-0.4121844927,-1.0000000000
1.0000000000,-2.9995014211,-0.9543121527,-1.0000000000
1.0000000000,-1.9109922219,-2.5465339943,-1.0000000000
1.0000000000,-1.6726056334,-2.8058443535,-1.0000000000
1.0000000000,-2.2719295630,-1.1197476724,-1.0000000000
1.0000000000,-2.9807436158,-2.5143694838,-1.0000000000
1.0000000000,-1.2218504578,-0.8992945045,-1.0000000000
1.0000000000,-2.5800336273,-1.0164680386,-1.0000000000
1.0000000000,-2.8586094383,-0.7987571130,-1.0000000000
1.0000000000,-2.0441707591,-2.8882614535,-1.0000000000
1.0000000000,-1.3242593487,-1.1313689863,-1.0000000000
1.0000000000,-1.9288580799,-1.1764371221,-1.0000000000
1.0000000000,-2.6679961298,-2.1564985351,-1.0000000000
1.0000000000,-1.4139730418,-2.7610761815,-1.0000000000
1.0000000000,-2.0163012732,-0.3444818878,-1.0000000000
1.0000000000,-2.1250569808,-2.9192636998,-1.0000000000
1.0000000000,-1.7001511829,-3.8777925778,-1.0000000000
1.0000000000,-1.8189173187,-0.3387173340,-1.0000000000
1.0000000000,-1.8685063954,-0.6815418842,-1.0000000000
1.0000000000,-2.2975894301,-1.3565467956,-1.0000000000
1.0000000000,-2.0480167870,-2.8461911805,-1.0000000000
1.0000000000,-2.4967270903,-1.4785682874,-1.0000000000
1.0000000000,-2.2238127865,-2.9268159831,-1.0000000000
1.0000000000,-2.2272011716,-0.2569436781,-1.0000000000
1.0000000000,-2.5432321172,-3.9549703650,-1.0000000000
1.0000000000,-2.3711640791,-0.4694778114,-1.0000000000
1.0000000000,-1.6850553175,-1.9356284304,-1.0000000000
1.0000000000,-2.6834889314,-3.4678654590,-1.0000000000
1.0000000000,-2.4740201523,-3.5998823587,-1.0000000000
1.0000000000,-2.6504113762,-2.4213740285,-1.0000000000
1.0000000000,-2.8662594985,-2.4860927835,-1.0000000000
1.0000000000,-1.3964484976,-1.3204462367,-1.0000000000
1.0000000000,-2.2867693735,-2.3002630108,-1.0000000000
1.0000000000,-2.0178407149,-2.5366551708,-1.0000000000
1.0000000000,-2.0376360570,-1.1140599174,-1.0000000000
1.0000000000,-2.3481754658,-0.4120889128,-1.0000000000
1.0000000000,-1.2079109060,-1.1852653088,-1.0000000000
1.0000000000,-2.7716683883,-1.8986521479,-1.0000000000
1.0000000000,-2.3334238977,-1.4769101428,-1.0000000000
1.0000000000,-1.7599228561,-2.9612558199,-1.0000000000
1.0000000000,-2.1046101983,-0.0784046286,-1.0000000000
1.0000000000,-2.7213636789,-1.6305508267,-1.0000000000
1.0000000000,-1.4464105946,-3.7558508254,-1.0000000000
1.0000000000,-1.0277608225,-3.4116288999,-1.0000000000
1.0000000000,-1.9251402001,-2.8606825806,-1.0000000000
1.0000000000,-2.8793056161,-1.7131292305,-1.0000000000
1.0000000000,-2.4087358505,-2.7775159046,-1.0000000000
1.0000000000,-2.7525306399,-0.6373510726,-1.0000000000
1.0000000000,-2.8799863598,-2.1327082629,-1.0000000000
1.0000000000,-1.9402741265,-3.8902402288,-1.0000000000
1.0000000000,-1.4023113168,-2.4519772477,-1.0000000000
1.0000000000,-1.7876370921,-1.6428649472,-1.0000000000
1.0000000000,-1.1046152273,-0.7398486046,-1.0000000000
1.0000000000,-2.5969637417,-3.4108562343,-1.0000000000
1.0000000000,-1.3246587832,-3.1177851300,-1.0000000000
1.0000000000,-2.4421707888,-3.6848434758,-1.0000000000
1.0000000000,-1.2609481486,-0.0506535962,-1.0000000000
1.0000000000,-1.1178654186,-2.0704052070,-1.0000000000
1.0000000000,-1.3489977122,-3.9267626939,-1.0000000000
1.0000000000,-1.7590740229,-3.4645092956,-1.0000000000
1.0000000000,-2.1720915789,-0.8708703947,-1.0000000000
1.0000000000,-1.6219849160,-2.9578095452,-1.0000000000
1.0000000000,-2.0689398130,-3.1796884306,-1.0000000000
1.0000000000,-2.2650711080,-2.5025716891,-1.0000000000
1.0000000000,-1.3209974343,-1.9237325029,-1.0000000000
1.0000000000,-1.2974140271,-1.0061651984,-1.0000000000
1.0000000000,-1.8694681397,-0.4340844726,-1.0000000000
1.0000000000,-1.6189989194,-0.5053485681,-1.0000000000
1.0000000000,-2.1639303061,-1.4544465378,-1.0000000000
1.0000000000,-2.9822070690,-3.0805371985,-1.0000000000
1.0000000000,-1.6074249153,-3.7052943687,-1.0000000000
1.0000000000,-2.6226799751,-0.0311300403,-1.0000000000
1.0000000000,-1.1398903344,-3.4442064782,-1.0000000000
1.0000000000,-1.7084877052,-2.0354757630,-1.0000000000
1.0000000000,-1.7595293857,-2.4797357818,-1.0000000000
1.0000000000,-2.9093315734,-0.1821166687,-1.0000000000
1.0000000000,-2.4393420271,-1.5102933867,-1.0000000000
1.0000000000,-1.2543616325,-2.0430867523,-1.0000000000
1.0000000000,-2.8942886389,-2.9026782169,-1.0000000000
1.0000000000,-1.3766187881,-1.4946116325,-1.0000000000
1.0000000000,-2.6146099475,-1.4907502352,-1.0000000000
1.0000000000,-2.6820172155,-2.4538073335,-1.0000000000
1.0000000000,-2.8169319011,-2.8580864856,-1.0000000000
1.0000000000,-1.3151949376,-2.3093341202,-1.0000000000
1.0000000000,-2.5250942843,-2.0470746812,-1.0000000000
1.0000000000,-2.3524814593,-2.9175894371,-1.0000000000
1.0000000000,-2.1603824011,-2.0619242712,-1.0000000000
1.0000000000,-2.5351573096,-0.7864904272,-1.0000000000
1.0000000000,-1.0406303696,-2.5209275361,-1.0000000000
1.0000000000,-2.5959999661,-0.6611497596,-1.0000000000
1.0000000000,-2.9700667300,-1.5890451911,-1.0000000000
